tag,上升段撑靴压力,上升段刀盘转速,上升段刀盘刹车压力,上升段刀盘扭矩,上升段刀盘功率,上升段推进压力,上升段贯入度,上升段总推进力,上升段推进速度,上升段推进位移,上升段主机皮带机转速,上升段桥架皮带机转速,上升段转渣皮带机转速,稳定段总推进力,稳定段刀盘扭矩,稳定段推进速度
0,303.5771141052246,7.01012659072876,44.955512046813965,1174.483642578125,865.375,164.03537559509277,3.8922710716724396,12883.33837890625,27.285324096679688,135.8679656982422,3.351029872894287,2.6714557707309723,2.755738377571106,,,
0,303.39807891845703,7.009332656860352,44.92106103897095,1203.635269165039,886.8125,166.9524040222168,4.108960270881653,13112.441772460938,28.801162719726562,136.40769577026367,3.351029872894287,2.6713705360889435,2.755581796169281,,,
0,303.26244354248047,7.008836567401886,44.884982109069824,1234.365478515625,910.4375,169.73198890686035,4.187894761562347,13330.75048828125,29.35235595703125,136.9244613647461,3.351029872894287,2.6713705360889435,2.755402833223343,,,
0,303.09787368774414,7.008538901805878,44.84890365600586,1279.934585571289,943.25,172.04680252075195,4.247047156095505,13512.555908203125,29.765716552734375,137.45270919799805,3.351029872894287,2.671427369117737,2.7543067038059235,,,
0,302.9622383117676,7.008141934871674,44.812825202941895,1315.400634765625,968.625,172.22764778137207,4.384931206703186,13526.759521484375,30.730316162109375,138.02689361572266,3.351029872894287,2.67148420214653,2.7543738186359406,,,
0,302.8266067504883,7.008141934871674,44.77403450012207,1335.3963317871094,982.625,174.12651824951172,4.542209565639496,13675.896850585938,31.832748413085938,138.58959197998047,3.351029872894287,2.671597868204117,2.7542172372341156,,,
0,302.7687339782715,7.007645666599274,44.735785484313965,1360.0226135253906,1001.0,174.68894577026367,4.5622076988220215,13720.069946289062,31.970535278320312,139.15228652954102,3.3502269089221954,2.671484261751175,2.754105418920517,,,
0,302.7488441467285,7.007447183132172,44.70133447647095,1389.8056945800781,1023.3125,175.22424507141113,4.621393263339996,13762.112426757812,32.38398742675781,139.70350646972656,3.3502269089221954,2.6715126633644104,2.7542172372341156,,,
0,302.66927337646484,7.006951034069061,44.667155265808105,1422.5354919433594,1047.375,177.6783103942871,4.680681586265564,13954.854736328125,32.79734802246094,140.2662010192871,3.3502269089221954,2.6714558005332947,2.752964496612549,,,
0,302.5915069580078,7.006951153278351,44.63080549240112,1439.0582275390625,1059.1875,177.20811462402344,4.720022976398468,13917.925537109375,33.07292175292969,140.81742095947266,3.3501966297626495,2.671597868204117,2.7531882226467133,,,
0,302.41608810424805,7.006752610206604,44.59798240661621,1456.0019836425781,1071.0,177.8555393218994,4.779177606105804,13968.774169921875,33.48637390136719,141.39160537719727,3.3501966297626495,2.671597868204117,2.7533671855926514,,,
0,302.28226470947266,7.006157159805298,44.56244659423828,1490.3104095458984,1096.8125,178.78689193725586,4.877934575080872,14041.922607421875,34.17535400390625,141.9542999267578,3.3501966297626495,2.6715410351753235,2.754687011241913,,,
0,302.0525932312012,7.0057602524757385,44.5260968208313,1532.9328002929688,1129.1875,178.69646835327148,4.956911683082581,14034.820678710938,34.72650146484375,142.51699829101562,3.3501966297626495,2.671512633562088,2.753232955932617,,,
0,301.8663215637207,7.005263924598694,44.493815898895264,1571.9769897460938,1158.5,179.94429779052734,5.03597104549408,14132.8251953125,35.27769470214844,143.13711547851562,3.3501966297626495,2.671541005373001,2.754575192928314,,,
0,301.6836700439453,7.004767835140228,44.46207809448242,1601.4443054199219,1179.9375,181.96433639526367,5.1937375664711,14291.47900390625,36.380126953125,143.75723266601562,3.3507420420646667,2.6715125739574432,2.754731774330139,,,
0,301.54984283447266,7.004370808601379,44.4308819770813,1638.5941619873047,1207.0625,182.57921028137207,5.370974361896515,14339.771118164062,37.62030029296875,144.43476486206055,3.3507420420646667,2.6714841723442078,2.754664659500122,,,
0,301.47930908203125,7.004172384738922,44.39724397659302,1668.166748046875,1228.9375,182.63165473937988,5.469476819038391,14343.89013671875,38.860565185546875,145.10081481933594,3.3507420420646667,2.67162624001503,2.7560068666934967,,,
0,301.49377822875977,7.004469990730286,44.367403984069824,1699.2126922607422,1252.125,183.16695594787598,5.587293267250061,14385.932739257812,39.687469482421875,145.73241424560547,3.3507723212242126,2.6715694069862366,2.754530429840088,,,
0,301.5860061645508,7.004668414592743,44.33647966384888,1717.2087860107422,1266.125,185.91399002075195,5.626498818397522,14601.684814453125,39.96299743652344,146.3410415649414,3.3507723212242126,2.671541005373001,2.7558502852916718,,,
0,301.6800422668457,7.004469931125641,44.30935287475586,1736.2572784423828,1280.125,186.97193145751953,5.587293326854706,14684.775634765625,39.687469482421875,147.00709533691406,3.349802702665329,2.671512633562088,2.755693703889847,,,
0,301.85546112060547,7.0051645040512085,44.28276872634888,1765.93505859375,1301.5625,189.9124698638916,5.586738348007202,14915.7255859375,39.68751525878906,147.67314910888672,3.349802702665329,2.671455830335617,2.7557831406593323,,,
0,302.03268814086914,7.005462288856506,44.25320053100586,1790.4560852050781,1319.0625,190.02097702026367,5.52749228477478,14924.247802734375,39.27410888671875,148.32772064208984,3.349802702665329,2.671427458524704,2.7544856667518616,,,
1,309.06213760375977,7.030175447463989,48.64936017990112,1018.4120330810547,753.8125,155.2860984802246,3.390949010848999,12196.170288085938,23.840057373046875,355.30907440185547,3.346499979496002,2.6709444522857666,2.7550448179244995,,,
1,309.1272430419922,7.029976904392242,48.671061992645264,1041.7754287719727,770.875,156.64062690734863,3.4890975058078766,12302.554931640625,24.529083251953125,355.73397064208984,3.346545398235321,2.6710864901542664,2.755358040332794,,,
1,309.1742630004883,7.030473113059998,48.69249200820923,1069.2432098388672,791.0,158.47801208496094,3.6063011586666107,12446.863159179688,25.35589599609375,356.1818313598633,3.346545398235321,2.6710296869277954,2.753836840391159,,,
1,309.21766662597656,7.031167805194855,48.71582078933716,1102.2887115478516,815.9375,159.26468658447266,3.7430956065654755,12508.648559570312,26.320404052734375,356.6871109008789,3.3467423617839813,2.6710296869277954,2.7535012662410736,,,
1,309.2556457519531,7.031167685985565,48.73887825012207,1141.3329315185547,843.9375,161.272066116333,4.076290786266327,12666.30810546875,28.663055419921875,357.2383270263672,3.3467423617839813,2.671171724796295,2.7540605664253235,,,
1,309.2701110839844,7.030969202518463,48.76247787475586,1179.009017944336,871.9375,162.70074081420898,4.292098790407181,12778.516235351562,30.17889404296875,357.75508880615234,3.347772568464279,2.6710580587387085,2.75450798869133,,,
1,309.282772064209,7.029778242111206,48.782822608947754,1230.1558990478516,908.6875,165.45319938659668,4.587280839681625,12994.6943359375,32.2459716796875,358.3522415161133,3.3480452597141266,2.6710011959075928,2.75459748506546,,,
1,309.31894302368164,7.0284881591796875,48.80533790588379,1301.4036865234375,961.1875,168.8729763031006,4.862622499465942,13263.283569335938,34.175262451171875,358.93790435791016,3.347136229276657,2.6710011959075928,2.753076285123825,,,
1,309.3334083557129,7.027495741844177,48.82378435134888,1369.3890228271484,1010.625,172.31807136535645,5.157355189323425,13533.861328125,36.242431640625,359.5924758911133,3.346818059682846,2.6710580587387085,2.754642218351364,,,
1,309.3533020019531,7.027495741844177,48.84521436691284,1426.955581665039,1053.9375,174.68171310424805,5.333844602108002,13719.501831054688,37.48260498046875,360.2585220336914,3.3470453321933746,2.6710296273231506,2.754440873861313,,,
1,309.3912773132324,7.026900231838226,48.86474561691284,1495.3618927001953,1104.6875,177.20269012451172,5.510822892189026,13917.499389648438,38.722869873046875,360.92457580566406,3.3465150594711304,2.670972764492035,2.754396140575409,,,
1,309.4563789367676,7.026205539703369,48.88563346862793,1561.5581512451172,1153.25,179.36559677124023,5.766237199306488,14087.374145507812,40.514373779296875,361.6480484008789,3.346121162176132,2.6710864305496216,2.754396140575409,,,
1,309.4997787475586,7.025709390640259,48.90407991409302,1619.440414428711,1196.5625,181.13787651062012,5.884266495704651,14226.568969726562,41.3411865234375,362.3600311279297,3.346075713634491,2.670944392681122,2.7528525590896606,,,
1,309.5467987060547,7.026205599308014,48.92415428161621,1658.589859008789,1225.0,183.92469596862793,6.021202325820923,14445.44580078125,42.3057861328125,363.09498596191406,3.344515234231949,2.6710296273231506,2.754105269908905,,,
1,309.5974349975586,7.026900291442871,48.945313453674316,1705.211410522461,1259.5625,185.12188911437988,6.1971898674964905,14539.473388671875,43.546051025390625,363.86438751220703,3.344363749027252,2.6710864901542664,2.754127651453018,,,
1,309.6426429748535,7.027098774909973,48.962674617767334,1767.8294982910156,1305.9375,186.1346206665039,6.295087933540344,14619.013427734375,44.235076904296875,364.5993423461914,3.3445910215377808,2.671200156211853,2.753993421792984,,,
1,309.71679306030273,7.027197957038879,48.98491811752319,1821.1864318847656,1345.3125,187.10394859313965,6.295074880123138,14695.14453125,44.2349853515625,365.39170837402344,3.3442880511283875,2.671200156211853,2.7540829181671143,,,
1,309.75476837158203,7.0276941657066345,49.00146532058716,1867.7027130126953,1379.4375,186.962890625,6.392687439918518,14684.065795898438,44.92401123046875,366.2185363769531,3.3441365361213684,2.671228587627411,2.7526512444019318,,,
1,309.76923751831055,7.027594983577728,49.02208185195923,1907.79931640625,1409.1875,187.02618598937988,6.471216320991516,14689.036987304688,45.475250244140625,367.0109100341797,3.3426215052604675,2.6713422536849976,2.7530315220355988,,,
1,309.76562118530273,7.027991890907288,49.039713859558105,1946.1068420410156,1436.75,187.29745292663574,6.333612024784088,14710.34228515625,44.51055908203125,367.74586486816406,3.3428184390068054,2.671228587627411,2.753299981355667,,,
1,309.7728576660156,7.028488099575043,49.060330390930176,1971.8907623291016,1456.0,186.63555908203125,6.352777600288391,14658.357177734375,44.648345947265625,368.49230194091797,3.3414549231529236,2.6713706254959106,2.7535684406757355,,,
1,309.78913497924805,7.028488099575043,49.07986116409302,1999.4637756347656,1477.4375,185.0314655303955,6.333096027374268,14532.37158203125,44.51055908203125,369.29615783691406,3.341985195875168,2.6713706254959106,2.753680318593979,,,
2,306.18127822875977,4.713184058666229,45.293781757354736,399.0718688964844,197.75,86.44929218292236,4.29786092042923,6789.7275390625,20.257232666015625,89.9333610534668,3.272156924009323,2.6727624237537384,2.756610929965973,,,
2,306.0366020202637,4.712489306926727,45.29296827316284,437.90560150146484,215.25,92.24356269836426,4.356931179761887,7244.8095703125,20.532760620117188,90.25490188598633,3.2716266810894012,2.6727624237537384,2.755134493112564,,,
2,305.86660385131836,4.711794495582581,45.29188346862793,488.6315116882324,241.5,98.78291511535645,4.328347772359848,7758.4102783203125,20.394927978515625,90.59941482543945,3.2708085477352142,2.672790825366974,2.7569465041160583,,,
2,305.678524017334,4.710801959037781,45.29188346862793,538.5154914855957,266.4375,104.77611541748047,4.387929826974869,8229.116271972656,20.67059326171875,90.97837448120117,3.270596444606781,2.6727056205272675,2.7569465041160583,,,
2,305.4976806640625,4.710702657699585,45.29269742965698,578.9278259277344,286.5625,110.2177381515503,4.504961043596268,8656.501281738281,21.221694946289062,91.38030242919922,3.266339123249054,2.672734022140503,2.7575281262397766,,,
2,305.3584289550781,4.711099624633789,45.29513931274414,617.9720497131348,305.8125,114.00824642181396,4.738264828920364,8954.207824707031,22.324081420898438,91.82816696166992,3.263112038373947,2.672734022140503,2.7588256001472473,,,
2,305.2770462036133,4.711595892906189,45.296767234802246,653.7538146972656,322.4375,116.68475151062012,5.117695212364197,9164.420532226562,24.115585327148438,92.32196426391602,3.2614152133464813,2.6727624237537384,2.7588703632354736,,,
2,305.2553482055664,4.713680148124695,45.3000226020813,677.853889465332,334.25,118.26533603668213,5.582385569810867,9288.5595703125,26.320449829101562,92.83872604370117,3.260491043329239,2.6727339923381805,2.7572149336338043,,,
2,305.316837310791,4.723009765148163,45.30354881286621,705.8478469848633,348.6875,119.95623397827148,5.920347154140472,9421.362670898438,27.974075317382812,93.34400939941406,3.2602334916591644,2.6727624237537384,2.757103055715561,,,
2,305.4036445617676,4.746432781219482,45.30897378921509,741.7348480224609,369.25,120.46621704101562,6.294263482093811,9461.416748046875,29.903411865234375,93.89522552490234,3.2609152495861053,2.672876089811325,2.7570359110832214,,,
2,305.5013008117676,4.783453166484833,45.31575584411621,774.1489181518555,388.0625,122.68699264526367,6.48164963722229,9635.83642578125,31.005889892578125,94.41198348999023,3.2622333765029907,2.672876089811325,2.7555818259716034,,,
2,305.5410842895508,4.824741244316101,45.322537899017334,813.8245620727539,410.8125,124.7594747543335,6.382830798625946,9798.609130859375,30.730316162109375,94.89429473876953,3.26044562458992,2.6729897558689117,2.7555147111415863,,,
2,305.52299880981445,4.88061910867691,45.328505992889404,871.6015701293945,445.8125,128.30403518676758,6.212703347206116,10076.998901367188,30.179168701171875,95.34215545654297,3.2627939879894257,2.6730181872844696,2.7564318776130676,,,
2,305.4994888305664,4.937092304229736,45.33393096923828,932.220085144043,482.125,133.27907848358154,5.98134171962738,10467.73876953125,29.35235595703125,95.7900161743164,3.2633696794509888,2.673075020313263,2.7564989924430847,,,
2,305.42895889282227,4.999024331569672,45.342069149017334,1012.7290191650391,530.6875,137.54882621765137,5.60716712474823,10803.084838867188,27.836517333984375,96.20343017578125,3.2606577575206757,2.6731886863708496,2.7550448775291443,,,
2,305.3475799560547,5.063933849334717,45.35020732879639,1098.0790252685547,581.0,141.43518257141113,5.281483054161072,11108.3193359375,26.596298217773438,96.62832641601562,3.256036877632141,2.6731886863708496,2.7565436959266663,,,
2,305.2969436645508,5.123781502246857,45.35915946960449,1153.540771484375,618.1875,145.42281436920166,5.20544970035553,11421.507934570312,26.59625244140625,97.11063766479492,3.251688688993454,2.6732739210128784,2.756745010614395,,,
2,305.23364639282227,5.173009514808655,45.36946773529053,1194.058349609375,645.75,148.7829132080078,5.060217320919037,11685.410034179688,26.182754516601562,97.56998443603516,3.2452498078346252,2.6731886863708496,2.7568568885326385,,,
2,305.1992874145508,5.217274963855743,45.37787675857544,1233.9444732666016,673.3125,151.2568702697754,5.1139461398124695,11879.714721679688,26.73394775390625,98.05229949951172,3.237356424331665,2.673273891210556,2.75674507021904,,,
2,305.24088287353516,5.261242687702179,45.38872718811035,1251.6248779296875,689.0625,152.93692016601562,5.332106649875641,12011.665893554688,28.111953735351562,98.58054733276367,3.233841508626938,2.673188656568527,2.7551791071891785,,,
2,305.33853912353516,5.299652397632599,45.39903545379639,1266.7795104980469,702.1875,153.52828216552734,5.5274240374565125,12058.111450195312,29.3521728515625,99.10879516601562,3.227175295352936,2.673273891210556,2.7553580701351166,,,
2,305.43438720703125,5.345704555511475,45.4098858833313,1279.6188507080078,714.875,154.0690097808838,5.662517964839935,12100.580200195312,30.316818237304688,99.62556076049805,3.21944859623909,2.673273891210556,2.7551567554473877,,,
3,302.79947662353516,4.997436344623566,45.06835889816284,526.0971221923828,277.8125,110.16529083251953,4.246527045965195,8652.382019042969,21.221786499023438,109.46704864501953,3.275035470724106,2.6720806062221527,2.753590941429138,,,
3,302.68554306030273,4.996443867683411,45.06022119522095,568.6142692565918,300.125,114.86725807189941,4.247393816709518,9021.674499511719,21.22174072265625,109.81156158447266,3.276505082845688,2.6721373796463013,2.7536580562591553,,,
3,302.51012420654297,4.996046841144562,45.05289697647095,616.6039276123047,324.625,120.21845817565918,4.385681360960007,9441.957763671875,21.910720825195312,110.19051742553711,3.271172136068344,2.672165811061859,2.755268692970276,,,
3,302.2913055419922,4.996046841144562,45.04611539840698,673.9599876403809,353.5,124.60756397247314,4.496046751737595,9786.678100585938,22.4619140625,110.59244537353516,3.268490493297577,2.672250986099243,2.75372514128685,,,
3,302.0652503967285,4.995649814605713,45.03689193725586,725.3173522949219,380.625,128.07255268096924,4.634370177984238,10058.818359375,23.150985717773438,111.05179595947266,3.267081528902054,2.672250986099243,2.75372514128685,,,
3,301.9169578552246,4.995054304599762,45.030110359191895,767.4135437011719,402.9375,132.1686897277832,4.883251279592514,10380.528930664062,24.391204833984375,111.53410720825195,3.261884927749634,2.6721942126750946,2.753836989402771,,,
3,301.89344787597656,4.993962526321411,45.02468490600586,806.2472686767578,423.9375,134.742112159729,5.2157235741615295,10582.6455078125,26.044921875,112.05087280273438,3.2627939581871033,2.6721942126750946,2.754485696554184,,,
3,301.9169578552246,4.994955003261566,45.01980209350586,845.2914886474609,444.5,137.9448757171631,5.435280919075012,10834.190551757812,27.147354125976562,112.55615234375,3.263733297586441,2.6721942126750946,2.7559397518634796,,,
3,302.0525932312012,4.995748996734619,45.01491928100586,882.0204162597656,464.1875,141.2525291442871,5.737489640712738,11093.9736328125,28.663238525390625,113.06143188476562,3.26406666636467,2.6722793877124786,2.754642277956009,,,
3,302.2171630859375,5.011132717132568,45.010849952697754,924.4323501586914,486.5,142.57631492614746,5.9392982721328735,11197.94384765625,29.765670776367188,113.60116195678711,3.262369781732559,2.6721942126750946,2.7544857263565063,,,
3,302.4540710449219,5.039418876171112,45.00623846054077,975.1582794189453,516.25,144.09902954101562,5.936996161937714,11317.537841796875,29.90350341796875,114.08347702026367,3.2610062062740326,2.67222261428833,2.754441022872925,,,
3,302.74523162841797,5.083982169628143,45.002169132232666,1026.0946731567383,548.1875,146.43012046813965,5.968297302722931,11500.621826171875,30.316909790039062,114.57727432250977,3.257445842027664,2.6721658408641815,2.754552870988846,,,
3,302.98937225341797,5.142440319061279,44.996201515197754,1094.9219360351562,590.625,149.06503105163574,5.884006440639496,11707.567749023438,30.179122924804688,115.07107162475586,3.2548248171806335,2.672222673892975,2.7545975744724274,,,
3,303.1883010864258,5.21241158246994,44.992674827575684,1171.2212829589844,639.625,151.3002758026123,5.651711165904999,11883.123901367188,29.352310180664062,115.55338668823242,3.2539612650871277,2.6722794473171234,2.7543738782405853,,,
3,303.3384017944336,5.293598055839539,44.986435890197754,1254.6769790649414,694.75,155.63512802124023,5.534785985946655,12223.583129882812,29.214431762695312,116.05866622924805,3.2439013719558716,2.6723362803459167,2.7537699043750763,,,
3,303.4686088562012,5.3756778836250305,44.981281757354736,1320.7680053710938,740.25,157.82515907287598,5.472545742988586,12395.588256835938,29.352264404296875,116.54097747802734,3.2378714978694916,2.67239311337471,2.7537251710891724,,,
3,303.5626449584961,5.469270646572113,44.9758563041687,1374.75634765625,782.6875,157.6822910308838,5.419458448886871,12384.367431640625,29.627838134765625,117.11516189575195,3.232280969619751,2.6724499464035034,2.7537475526332855,,,
3,303.68923568725586,5.560282945632935,44.96744728088379,1417.3787231445312,819.875,160.15082359313965,5.490917205810547,12578.245971679688,30.592483520507812,117.63192749023438,3.2256147861480713,2.672591954469681,2.755179226398468,,,
3,303.77965927124023,5.651593089103699,44.958224296569824,1439.4792022705078,844.375,162.39691734313965,5.59485924243927,12754.654174804688,31.694915771484375,118.18314361572266,3.216782122850418,2.6725351214408875,2.7552239298820496,,,
3,303.86827087402344,5.739925563335419,44.95144271850586,1454.212875366211,866.25,162.92860221862793,5.578620374202728,12796.41259765625,32.108367919921875,118.75732421875,3.2124036848545074,2.672620326280594,2.7564766705036163,,,
3,303.9966697692871,5.8216084241867065,44.94655990600586,1448.003662109375,875.0,163.56698417663574,5.671649634838104,12846.551025390625,33.072967529296875,119.28557205200195,3.204767882823944,2.6725919246673584,2.7564095556735992,,,
3,304.1395378112793,5.909444689750671,44.940592765808105,1454.6338195800781,892.5,164.38982772827148,5.671147882938385,12911.177124023438,33.48637390136719,119.85975646972656,3.2003136575222015,2.6725919246673584,2.754977822303772,,,
4,302.69097900390625,6.904425919055939,48.09434652328491,2043.5594635009766,1482.25,170.57653427124023,8.602979183197021,13397.081176757812,59.393280029296875,296.9146957397461,3.1847237944602966,2.671058177947998,2.753210484981537,,,
4,302.7217216491699,6.903135776519775,48.10926628112793,2133.434860229492,1547.0,174.44842338562012,8.924014627933502,13701.179321289062,61.59814453125,298.04010009765625,3.184814691543579,2.671086549758911,2.7524498999118805,,,
4,302.8049087524414,6.901150763034821,48.125,2260.1444091796875,1638.875,181.3693561553955,9.445621907711029,14244.749389648438,65.18106079101562,299.21143341064453,3.1895416378974915,2.671086549758911,2.7509958148002625,,,
4,302.8555450439453,6.899761378765106,48.14100456237793,2383.1705017089844,1728.5625,185.5522975921631,9.706928133964539,14573.277587890625,66.97256469726562,300.4057312011719,3.1927686631679535,2.671086549758911,2.7517564594745636,,,
4,302.8899040222168,6.898768901824951,48.157822608947754,2506.1965942382812,1818.25,187.67903518676758,9.807971477508545,14740.3115234375,67.66159057617188,301.5885467529297,3.2000105679035187,2.671114921569824,2.751890689134598,,,
4,302.97851943969727,6.897776305675507,48.17626905441284,2598.387237548828,1885.1875,191.68474960327148,9.88919746875763,15054.92041015625,68.21282958984375,302.66800689697266,3.2014801800251007,2.671114921569824,2.751980185508728,,,
4,303.01107025146484,6.896287560462952,48.190645694732666,2695.734649658203,1954.75,192.16579627990723,10.11105215549469,15092.701782226562,69.728759765625,303.93121337890625,3.2015559375286102,2.67117178440094,2.7501681745052338,,,
4,303.06713104248047,6.895791292190552,48.20203876495361,2796.6602783203125,2027.375,193.67042541503906,10.091841578483582,15210.875244140625,69.59097290039062,305.1369934082031,3.205995053052902,2.671114981174469,2.748758852481842,,,
4,303.076171875,6.895195782184601,48.21777296066284,2886.956573486328,2093.4375,194.6524143218994,10.132755756378174,15288.000610351562,69.86663818359375,306.2968444824219,3.2073888778686523,2.671143352985382,2.750369518995285,,,
4,303.09063720703125,6.895691990852356,48.235947608947754,2954.5209350585938,2142.0,195.5765323638916,10.33155369758606,15360.580932617188,71.24468994140625,307.58301544189453,3.208434224128723,2.67117178440094,2.7494075894355774,,,
4,303.10329818725586,6.895295023918152,48.250325202941895,2993.3546752929688,2170.4375,193.9742488861084,10.39216673374176,15234.737548828125,71.65805053710938,308.7773132324219,3.205752581357956,2.67117178440094,2.7491391599178314,,,
4,303.1322326660156,6.894897818565369,48.26633024215698,3058.288116455078,2216.8125,195.8821620941162,10.552631974220276,15384.585083007812,72.76034545898438,309.9027099609375,3.207570642232895,2.671228587627411,2.7494075894355774,,,
4,303.19552993774414,6.894203007221222,48.27853775024414,3099.0161743164062,2246.5625,195.99066734313965,10.753439664840698,15393.107055664062,74.13839721679688,311.0855255126953,3.206449508666992,2.671200215816498,2.7496089339256287,,,
4,303.1810607910156,6.894798517227173,48.288846015930176,3120.8009643554688,2261.875,196.69415283203125,10.892502784729004,15448.358764648438,75.10299682617188,312.3487319946289,3.207707017660141,2.671228587627411,2.7510853707790375,,,
4,303.2172317504883,6.894103765487671,48.30512237548828,3150.057830810547,2283.3125,197.89858055114746,10.833502054214478,15542.95458984375,74.68936157226562,313.5315399169922,3.2082372903823853,2.671228587627411,2.751062959432602,,,
4,303.22266006469727,6.893607437610626,48.324111461639404,3202.4676208496094,2321.8125,201.07783317565918,10.814269304275513,15792.653198242188,74.55157470703125,314.71435546875,3.207919090986252,2.6713422536849976,2.7510405778884888,,,
4,303.2353210449219,6.893408894538879,48.34038734436035,3236.3550720214844,2345.4375,201.43590545654297,10.954548120498657,15820.776245117188,75.51617431640625,315.96607208251953,3.2085402607917786,2.6713138818740845,2.7509734630584717,,,
4,303.3022346496582,6.892515599727631,48.3542218208313,3290.1329040527344,2384.8125,203.3619041442871,10.916232466697693,15972.044189453125,75.2406005859375,317.1718521118164,3.2096311450004578,2.6712854504585266,2.7518683075904846,,,
4,303.33116912841797,6.8930118680000305,48.368327140808105,3312.9700622558594,2401.0,205.65682411193848,10.915403604507446,16152.287109375,75.2406005859375,318.45802307128906,3.210388660430908,2.6713138222694397,2.7539263665676117,,,
4,303.3474426269531,6.892714142799377,48.384331703186035,3338.7539672851562,2419.8125,204.89185333251953,11.075865507125854,16092.206298828125,76.34307861328125,319.8016052246094,3.209131181240082,2.671285390853882,2.754776418209076,,,
4,303.3528633117676,6.892912685871124,48.4033203125,3375.48291015625,2446.5,205.57183074951172,11.055578231811523,16145.61181640625,76.20529174804688,321.08777618408203,3.2088584899902344,2.671228528022766,2.753277599811554,,,
4,303.39445877075195,6.892416417598724,48.41824007034302,3394.2156982421875,2460.0625,206.1505355834961,11.016345858573914,16191.063354492188,75.92971801757812,322.2935562133789,3.2063738107681274,2.671200156211853,2.7535908222198486,,,
5,296.77734756469727,6.8125200271606445,48.298068046569824,817.6132507324219,584.5,147.7846565246582,4.429936617612839,11607.006958007812,30.179031372070312,155.6772575378418,2.954376846551895,2.6717682778835297,2.755917340517044,,,
5,296.61277770996094,6.812321484088898,48.29535531997681,870.2334899902344,621.6875,152.13216590881348,4.652608782052994,11948.460327148438,31.694961547851562,156.2629280090332,2.955013185739517,2.6717967092990875,2.7560963332653046,,,
5,296.41746520996094,6.811825275421143,48.29535531997681,926.7476272583008,661.9375,157.02763557434082,4.936165452003479,12332.950561523438,33.62420654296875,156.8830451965332,2.955134391784668,2.671768307685852,2.7561634182929993,,,
5,296.2167282104492,6.811428248882294,48.290743827819824,988.2080535888672,704.8125,164.4820613861084,5.118646800518036,12918.421264648438,34.864471435546875,157.46871185302734,2.956588864326477,2.6717967092990875,2.7547093629837036,,,
5,296.0485420227051,6.811428248882294,48.28857374191284,1049.3527755737305,749.0,168.93084526062012,5.280471205711365,13267.828735351562,35.96690368652344,158.0773468017578,2.957103967666626,2.671768307685852,2.7549330592155457,,,
5,295.95630645751953,6.810932040214539,48.2861328125,1113.9704055786133,795.375,174.03790473937988,5.402243912220001,13668.937255859375,36.793670654296875,158.68598175048828,2.9569372832775116,2.6717967092990875,2.7550001740455627,,,
5,295.9038619995117,6.810038864612579,48.28477668762207,1176.798942565918,840.4375,177.8844757080078,5.504206597805023,13971.046997070312,37.48265075683594,159.31758499145508,2.957088828086853,2.6717967092990875,2.754910707473755,,,
5,295.9436454772949,6.809244990348816,48.28260612487793,1233.2078323364258,880.25,181.72381210327148,5.545412659645081,14272.588500976562,37.75822448730469,159.98363876342773,2.9584220945835114,2.6717967092990875,2.754910707473755,,,
5,296.137149810791,6.808252573013306,48.28152132034302,1298.4569244384766,926.625,185.91579627990723,5.647491097450256,14601.826904296875,38.44720458984375,160.64968872070312,2.956755518913269,2.671739935874939,2.754910707473755,,,
5,296.34693145751953,6.807756423950195,48.280707359313965,1357.6020965576172,969.0625,190.04448699951172,5.789569675922394,14926.094360351562,39.41175842285156,161.38463973999023,2.9531951248645782,2.671711504459381,2.7548882961273193,,,
5,296.6706428527832,6.80726021528244,48.28016471862793,1420.0096893310547,1014.125,194.6958179473877,5.972204864025116,15291.409912109375,40.65202331542969,162.08514022827148,2.951604336500168,2.671796679496765,2.754843533039093,,,
5,297.0124397277832,6.806664824485779,48.27962255477905,1476.4185943603516,1054.8125,196.6290512084961,6.17499977350235,15443.245971679688,42.030029296875,162.84305953979492,2.9490135610103607,2.671739846467972,2.754955381155014,,,
5,297.38859939575195,6.804580509662628,48.28070783615112,1572.5031127929688,1123.0625,199.3923625946045,6.359091401100159,15660.276489257812,43.270294189453125,163.58949661254883,2.946544051170349,2.6717682480812073,2.756297618150711,,,
5,297.7123146057129,6.803091645240784,48.28233528137207,1687.2152557373047,1204.875,199.72873306274414,6.684744656085968,15686.695068359375,45.47520446777344,164.45076751708984,2.9437866806983948,2.671711415052414,2.7552238404750824,,,
5,298.03240966796875,6.802099049091339,48.28477621078491,1800.1382751464844,1286.25,201.76866340637207,6.989763915538788,15846.9111328125,47.54228210449219,165.31203842163086,2.941029280424118,2.671711415052414,2.7552686035633087,,,
5,298.37059020996094,6.801900506019592,48.28504753112793,1900.5376892089844,1358.4375,203.3365879058838,7.232976257801056,15970.055908203125,49.195953369140625,166.13886260986328,2.9377567768096924,2.6717398166656494,2.755290985107422,,,
5,298.70334243774414,6.800907850265503,48.288031578063965,1983.888168334961,1417.9375,205.7363986968994,7.456957161426544,16158.537109375,50.71183776855469,167.0345916748047,2.9369841516017914,2.671825021505356,2.7538592517375946,,,
5,299.13917541503906,6.799319744110107,48.29291486740112,2068.711959838867,1477.875,206.6623249053955,7.661266267299652,16231.25927734375,52.089935302734375,167.8614158630371,2.936772048473358,2.6718534529209137,2.7554251849651337,,,
5,299.57501220703125,6.799021899700165,48.29291486740112,2130.067184448242,1521.1875,207.19581985473633,7.7425816655159,16273.159912109375,52.64112854003906,168.74565505981445,2.9350600838661194,2.6717682778835297,2.7541501224040985,,,
5,300.0235061645508,6.798624813556671,48.29833984375,2189.422821044922,1563.625,208.99160957336426,7.763232052326202,16414.201171875,52.77900695800781,169.61841583251953,2.9347116351127625,2.671825110912323,2.7540830075740814,,,
5,300.40328216552734,6.799021899700165,48.30186605453491,2212.260009765625,1580.6875,209.36595726013184,7.742564499378204,16443.602416992188,52.64112854003906,170.51414108276367,2.934363216161728,2.6717682778835297,2.7541725039482117,,,
5,300.7595443725586,6.799518287181854,48.30485010147095,2226.3622131347656,1591.1875,211.9954433441162,7.498788833618164,16650.122314453125,50.98741149902344,171.2490997314453,2.932999700307846,2.6717967092990875,2.7539040446281433,,,
6,300.14648056030273,7.003279089927673,48.27501153945923,1770.249984741211,1301.125,197.6761417388916,6.532723009586334,15525.484375,45.750823974609375,123.76419448852539,3.345515161752701,2.67162624001503,2.7569911777973175,,,
6,300.2875442504883,7.002882182598114,48.26741552352905,1802.5588073730469,1325.1875,198.61472702026367,6.395345091819763,15599.200927734375,44.78617858886719,124.48766326904297,3.3468786776065826,2.67162624001503,2.7567227482795715,,,
6,300.41413497924805,7.001988768577576,48.259005546569824,1843.6026000976562,1356.25,200.17541885375977,6.3370949029922485,15721.777709960938,44.372772216796875,125.23410034179688,3.3453636467456818,2.67162624001503,2.756610870361328,,,
6,300.5551948547363,7.001194655895233,48.248969078063965,1887.9088592529297,1388.625,202.15928649902344,6.357497870922089,15877.590698242188,44.510650634765625,126.01498794555664,3.344484955072403,2.6716546714305878,2.755134403705597,,,
6,300.66008377075195,7.001095354557037,48.23594808578491,1920.849136352539,1413.125,201.61856269836426,6.377275586128235,15835.122192382812,44.64848327636719,126.7958755493164,3.343424439430237,2.6716546714305878,2.7565437853336334,,,
6,300.7360382080078,7.000301241874695,48.22536849975586,1968.2073211669922,1447.6875,203.85199737548828,6.437155902385712,16010.5361328125,45.06184387207031,127.66862869262695,3.342636615037918,2.6716262698173523,2.7560068666934967,,,
6,300.7993354797363,7.00030118227005,48.213433265686035,2004.9362335205078,1474.8125,204.44335746765137,6.693059504032135,16056.981567382812,46.85334777832031,128.50693893432617,3.3391217589378357,2.6716262698173523,2.7560068666934967,,,
6,300.83008193969727,7.000598907470703,48.20041227340698,2056.6092987060547,1513.3125,205.75629234313965,6.909157991409302,16160.099487304688,48.36918640136719,129.2878303527832,3.337000697851181,2.671541064977646,2.75602924823761,,,
6,300.87348556518555,7.003080248832703,48.18712043762207,2104.4937133789062,1549.1875,206.90284729003906,7.044289231300354,16250.14990234375,49.333740234375,130.12613677978516,3.3353493213653564,2.6715694963932037,2.7544409334659576,,,
6,300.92412185668945,7.005164563655853,48.17762613296509,2142.3803100585938,1577.1875,208.60279083251953,7.317468047142029,16383.663452148438,51.26298522949219,131.0103759765625,3.331773817539215,2.6715411245822906,2.755872666835785,,,
6,300.9892272949219,7.0082414746284485,48.16623306274414,2172.05810546875,1599.5,208.6877899169922,7.452375710010529,16390.339233398438,52.227630615234375,131.91758728027344,3.3310314416885376,2.671512693166733,2.75602924823761,,,
6,301.059757232666,7.010524332523346,48.15673828125,2205.1035766601562,1624.875,210.05678749084473,7.568181812763214,16497.860229492188,53.05439758300781,132.82479858398438,3.328274041414261,2.6715410947799683,2.756096363067627,,,
6,301.12305068969727,7.012509405612946,48.14995622634888,2263.196319580078,1668.1875,211.99725341796875,7.56626695394516,16650.264404296875,53.05439758300781,133.77793884277344,3.3281982839107513,2.6715410947799683,2.75602924823761,,,
6,301.2225151062012,7.015387773513794,48.14507341384888,2310.4493103027344,1704.0625,213.37891006469727,7.700475454330444,16758.77978515625,54.01904296875,134.67366790771484,3.3255620896816254,2.6715410947799683,2.75515678524971,,,
6,301.30931854248047,7.018563866615295,48.13774919509888,2341.0742797851562,1726.8125,210.44379997253418,7.735924124717712,16528.256225585938,54.29461669921875,135.64977645874023,3.3256378173828125,2.671512693166733,2.7566108405590057,,,
6,301.4521827697754,7.02054888010025,48.13096761703491,2352.12451171875,1735.5625,209.6372299194336,7.851323246955872,16464.908203125,55.121429443359375,136.6144027709961,3.3241076469421387,2.671541064977646,2.7565213441848755,,,
6,301.62217712402344,7.020151853561401,48.12147283554077,2386.1171264648438,1760.5,209.30085945129395,7.9301917552948,16438.48974609375,55.67271423339844,137.52161407470703,3.323653131723404,2.671541064977646,2.756476640701294,,,
6,301.7795104980469,7.020151853561401,48.11414861679077,2410.0066833496094,1778.4375,208.94459342956543,8.028358101844788,16410.508544921875,56.36174011230469,138.4403076171875,3.322728991508484,2.671541064977646,2.756722718477249,,,
6,301.96939849853516,7.0197548270225525,48.10736703872681,2425.1613159179688,1790.25,210.49443244934082,8.087649583816528,16532.23291015625,56.77519226074219,139.4049301147461,3.3215776085853577,2.671541064977646,2.756543755531311,,,
6,302.1375846862793,7.019556283950806,48.098958015441895,2440.8421936035156,1802.0625,210.48538970947266,8.127266645431519,16531.522705078125,57.05085754394531,140.38103866577148,3.3191687166690826,2.6715126633644104,2.756476640701294,,,
6,302.2876892089844,7.01896071434021,48.091633796691895,2473.1510314941406,1825.6875,209.5739288330078,8.343974828720093,16459.936645507812,58.56669616699219,141.35715103149414,3.3148205280303955,2.6715126633644104,2.756543755531311,,,
6,302.4359817504883,7.0179682970047,48.08349609375,2511.9848022460938,1854.125,208.8415069580078,8.34521222114563,16402.412231445312,58.566650390625,142.33325958251953,3.312108635902405,2.6714558601379395,2.75643190741539,,,
7,,,,,,,,,,,,,,12261.25375400195,1370.7681789610592,32.26763358679009
8,,,,,,,,,,,,,,16975.582670084634,3200.057552083333,70.482080078125
9,,,,,,,,,,,,,,17423.1174140625,3066.9262646484376,65.59021875
10,,,,,,,,,,,,,,16766.575891735087,2762.575387745057,58.67710078753351
11,,,,,,,,,,,,,,17273.520003858026,2401.7403748312113,51.94760561342593
12,,,,,,,,,,,,,,17295.50119357639,2537.5025912491733,55.471516927083336
13,,,,,,,,,,,,,,16779.34071265994,2496.9934677965057,55.26619017593504
14,,,,,,,,,,,,,,16851.55697699653,2486.013825141059,57.0906005859375
15,,,,,,,,,,,,,,15933.31996295549,2855.3208061865776,66.19874308118081
16,,,,,,,,,,,,,,12091.3748614488,1487.8546336717409,35.57291592176774
17,,,,,,,,,,,,,,16497.43052969518,2079.4441658788583,47.00089018350737
18,,,,,,,,,,,,,,16799.431021676937,2526.259509735824,56.35334369498239
19,,,,,,,,,,,,,,15059.089776501683,2648.67708382064,62.033163653162426
20,,,,,,,,,,,,,,15317.31313084512,2713.2867894973197,72.90524136062956
21,,,,,,,,,,,,,,14927.561195459906,2686.083158903302,74.40782724056604
22,,,,,,,,,,,,,,12017.107885835729,2418.7728257453305,75.5355154454023
23,,,,,,,,,,,,,,12048.05648148148,2350.9224998191553,75.24700520833333
24,,,,,,,,,,,,,,13085.434248368818,2375.6529366629466,74.93297669127747
25,,,,,,,,,,,,,,13649.281194302519,2575.2047392986574,77.6689508822481
26,,,,,,,,,,,,,,12966.670203914711,2336.2351409140906,69.73968263481498
27,,,,,,,,,,,,,,13340.975205458604,2525.9736169592124,72.60293063869725
28,,,,,,,,,,,,,,5321.30645037338,576.2750132994552,17.160675458853166
29,,,,,,,,,,,,,,13020.221960819128,2406.651895234079,74.9360684481534
30,,,,,,,,,,,,,,13041.91017088015,2277.7948313509482,74.32947463132022
31,,,,,,,,,,,,,,12099.079240030318,2288.8483485890856,74.62384124300372
32,,,,,,,,,,,,,,13826.51316205193,2469.9814906400793,71.86874569163604
33,,,,,,,,,,,,,,13507.812507315075,2544.82657420412,74.7546907917837
34,,,,,,,,,,,,,,13883.559202332428,2635.261088937953,74.15840480638587
35,,,,,,,,,,,,,,13635.437560589644,2797.267188747434,74.5870904852874
36,,,,,,,,,,,,,,6355.854731049409,1646.6572941960515,59.239263091216216
37,,,,,,,,,,,,,,6158.775531147801,1110.9673747572788,61.74573179732921
38,,,,,,,,,,,,,,6944.180550655242,1241.1205810546876,62.77096931703629
39,,,,,,,,,,,,,,10336.629181281887,2386.218170041454,77.13864795918367
40,,,,,,,,,,,,,,9608.466670568809,1674.166770766586,70.54163021244085
41,,,,,,,,,,,,,,10412.783870921416,2097.5602372113394,73.52643719841453
42,,,,,,,,,,,,,,12269.093665081522,2309.426210088315,74.059423828125
43,,,,,,,,,,,,,,15099.4823255037,2980.382443076686,58.2402986225329
44,,,,,,,,,,,,,,15777.801667944785,3085.3924088741373,62.24324194785276
45,,,,,,,,,,,,,,15028.402447509765,3071.8325622558596,70.60381164550782
46,,,,,,,,,,,,,,13078.94521799395,3024.1630717615926,73.87718308971775
47,,,,,,,,,,,,,,14713.324863978794,3003.4478062220983,71.95343889508929
48,,,,,,,,,,,,,,17472.566808363972,3106.42224001417,56.342823701746326
49,,,,,,,,,,,,,,16802.940025436048,3060.8315236646076,58.392909702034885
50,,,,,,,,,,,,,,15924.412806242415,3042.4877811172632,67.06639913910801
51,,,,,,,,,,,,,,13349.860658001078,1968.7197168810615,43.65239678744612
52,,,,,,,,,,,,,,15698.235158232868,3051.2300858086137,67.57275886342005
53,,,,,,,,,,,,,,15352.713441285792,2967.770203443351,71.75992695140418
54,,,,,,,,,,,,,,14177.19574991862,2706.5744756062827,71.62354024251302
55,,,,,,,,,,,,,,14347.364338871048,2833.7057758074975,80.46438248826581
56,,,,,,,,,,,,,,14521.02856353184,2715.693440448113,77.50303102889151
57,,,,,,,,,,,,,,8833.25757798499,1792.9234662893425,77.61269321236558
58,,,,,,,,,,,,,,6218.913597637515,1441.391683820912,50.270286505170866
59,,,,,,,,,,,,,,8652.201073721772,1614.874078726344,47.81691689527672
60,,,,,,,,,,,,,,15687.221964518229,2958.2418701171873,57.96944580078125
61,,,,,,,,,,,,,,11934.418810163226,1885.9994752066475,72.2534899030413
62,,,,,,,,,,,,,,10904.732403923483,1657.6922059900621,66.30390660903034
63,,,,,,,,,,,,,,9273.995199161724,1535.73349867772,70.53943316605839
64,,,,,,,,,,,,,,6586.613245840291,970.1307817997823,72.08297053912214
65,,,,,,,,,,,,,,6036.484321467504,921.9848671339676,61.435872936565616
66,,,,,,,,,,,,,,13699.91585420971,2245.002526149277,57.526815114927686
67,,,,,,,,,,,,,,9996.508635692107,1662.0250001565005,48.89207575871394
68,,,,,,,,,,,,,,11631.762662020597,1991.341080752286,50.98120672052557
69,,,,,,,,,,,,,,13537.032543220143,2108.8460968319732,46.21205305344988
70,,,,,,,,,,,,,,14721.860190480025,2488.3838500976562,50.82542309318621
71,,,,,,,,,,,,,,17471.36413801115,2421.652914621573,35.677374970957246
72,,,,,,,,,,,,,,15017.849861615077,3126.569765208457,47.86169375740521
73,,,,,,,,,,,,,,15016.162106838474,3029.3314180448456,53.031209415584414
74,,,,,,,,,,,,,,16575.179652622766,3216.0113967584102,51.24333595742985
75,,,,,,,,,,,,,,16219.241344105114,2994.6161291679127,48.98687364496112
76,,,,,,,,,,,,,,16495.187594364466,2916.4012634963133,44.04021791608146
77,,,,,,,,,,,,,,17027.45542102477,2498.2281551791903,37.69320296457906
78,,,,,,,,,,,,,,16681.37765945551,2376.6512113381887,36.81355576842796
79,,,,,,,,,,,,,,17021.629816568653,2582.368155514907,45.39988631701313
80,,,,,,,,,,,,,,5502.607525102244,855.5725556444002,62.213324834836406
81,,,,,,,,,,,,,,7523.065801241582,1480.0424689604376,67.19629399463383
82,,,,,,,,,,,,,,6859.639636890308,1451.5021923168285,64.65605534733953
83,,,,,,,,,,,,,,14510.475010222968,3059.490711222667,57.52683125645661
84,,,,,,,,,,,,,,15339.288935490426,3157.021952899205,60.560383173771676
85,,,,,,,,,,,,,,15034.506530060165,3176.784070245151,61.44781704606681
86,,,,,,,,,,,,,,16025.560166093335,3141.4811538979607,52.95467662052387
87,,,,,,,,,,,,,,15310.806275500741,2960.9310067287183,62.298739741747035
88,,,,,,,,,,,,,,14459.19246223174,2839.849488040051,61.16829672204443
89,,,,,,,,,,,,,,15398.61352688842,3269.417317209068,62.66610549271472
90,,,,,,,,,,,,,,12991.665934486276,2892.8551188392526,61.183280786350146
91,,,,,,,,,,,,,,14708.963152937904,2913.7674232655745,65.48582088137135
92,,,,,,,,,,,,,,12418.148831551534,3042.7154879385967,74.86081414473684
93,,,,,,,,,,,,,,13348.706210815048,3105.8409886853447,70.39662060393809
94,,,,,,,,,,,,,,13157.0589887291,3117.4346224062,65.92114568819666
95,,,,,,,,,,,,,,13529.03802239405,3192.93251936403,71.9448676958476
96,,,,,,,,,,,,,,15898.246734897417,3133.4790892441583,60.02377143094605
97,,,,,,,,,,,,,,12240.351087908879,2798.885121568341,99.58452741676402
98,,,,,,,,,,,,,,9787.115921910034,2681.1534834378504,98.49205393427691
99,,,,,,,,,,,,,,9576.32106031813,2381.893417220932,94.94308884079392
100,,,,,,,,,,,,,,12165.390390130538,2820.0148307703716,85.52911763251582
101,,,,,,,,,,,,,,10989.199073585303,2864.54326677752,98.86620433910473
102,,,,,,,,,,,,,,12257.649022577092,2637.331798939978,96.64964852354075
103,,,,,,,,,,,,,,11847.416552294482,2748.031631607193,97.21256070523648
104,,,,,,,,,,,,,,11472.061765491453,2833.307393913595,95.63343850160257
105,,,,,,,,,,,,,,11536.640369333423,2780.093768860649,92.46697290772532
106,,,,,,,,,,,,,,12410.402821900934,3024.4871496936594,89.38371409815872
107,,,,,,,,,,,,,,11233.315558819731,2845.253605614024,86.83223301911157
108,,,,,,,,,,,,,,11874.472494164938,2697.398037352503,86.3372098677386
109,,,,,,,,,,,,,,10457.626629125292,2415.7861807279496,87.91625292056075
110,,,,,,,,,,,,,,12021.833840990823,2212.6324879479785,84.50217982700893
111,,,,,,,,,,,,,,11793.631600621235,2233.0117736571283,81.5665827371988
112,,,,,,,,,,,,,,10106.209539694864,1559.1030942572922,45.07545146004098
113,,,,,,,,,,,,,,13150.540070187997,2399.4324586419943,84.32938558266932
114,,,,,,,,,,,,,,12245.086762927827,2475.6501668294272,84.50655691964286
115,,,,,,,,,,,,,,11453.23828125,2336.6689982768917,86.021484375
116,,,,,,,,,,,,,,16113.211744870821,2775.2648332126237,62.10466434745441
117,,,,,,,,,,,,,,13415.739393754438,2429.3949751420455,61.49176025390625
118,,,,,,,,,,,,,,10100.855348307292,2066.2044462076824,69.5486376953125
119,,,,,,,,,,,,,,11708.349869791668,2206.9825203450523,68.3249609375
120,,,,,,,,,,,,,,12405.09679186022,2187.1786247459618,70.90931495460305
121,,,,,,,,,,,,,,11829.644520749327,2272.738546391969,72.29817183299731
122,,,,,,,,,,,,,,14087.023779124338,2724.6319429107775,71.82935346731449
123,,,,,,,,,,,,,,13996.697780299832,2781.383379137194,71.11419017894848
124,,,,,,,,,,,,,,13671.774231557378,2258.881495741547,57.395022733094265
125,,,,,,,,,,,,,,13930.073823816636,2521.0571935317093,63.62885419060202
126,,,,,,,,,,,,,,13481.74476118311,2562.464019060932,65.12821710388796
127,,,,,,,,,,,,,,15223.3325,2081.731117466518,51.89928850446429
128,,,,,,,,,,,,,,12817.942149420205,2444.692502579599,60.14486751916274
129,,,,,,,,,,,,,,15139.69724439538,2911.9245578931727,71.90958305027173
130,,,,,,,,,,,,,,14096.565620510057,2736.3877645324474,74.51755567528735
131,,,,,,,,,,,,,,14248.507958984375,2826.195644906851,75.72850060096154
132,,,,,,,,,,,,,,15470.029700716635,2923.352437184269,75.63668387276786
133,,,,,,,,,,,,,,16548.838288483796,3058.235142686632,72.44193250868055
134,,,,,,,,,,,,,,16368.261978509048,2761.4107719447074,65.80807587594697
135,,,,,,,,,,,,,,11843.437313304228,3080.2091010598574,76.79721787396599
136,,,,,,,,,,,,,,13224.935049239702,3113.9631572153376,76.7688858207615
137,,,,,,,,,,,,,,13757.509624933793,3109.8381389036017,95.23877160023835
138,,,,,,,,,,,,,,14172.839071763834,3202.944285758399,75.9500409152668
139,,,,,,,,,,,,,,15489.273161368534,3061.882282967403,62.93748147898707
140,,,,,,,,,,,,,,16681.780368645545,3243.2639377774635,51.11717117862117
141,,,,,,,,,,,,,,15898.724647797131,3116.357421074539,63.94459848872951
142,,,,,,,,,,,,,,13553.027475210336,3303.1519315279447,73.6508563701923
143,,,,,,,,,,,,,,13848.21124973427,2978.359788544324,76.1163255341199
144,,,,,,,,,,,,,,13580.305501731531,3038.167490775478,66.79446709061675
145,,,,,,,,,,,,,,11354.785697642545,2580.5081894188597,75.75050884046053
146,,,,,,,,,,,,,,12318.278948392117,2773.943210459349,81.97786525868776
147,,,,,,,,,,,,,,17414.542952309555,3010.4387938631103,56.691697245896464
148,,,,,,,,,,,,,,16338.20499507423,3049.6157899560117,50.41116717833578
149,,,,,,,,,,,,,,16022.778030359264,2989.4993655823187,48.1927330760095
150,,,,,,,,,,,,,,16086.024316118179,3082.258139461191,61.332843611725664
151,,,,,,,,,,,,,,13874.036654109208,3042.532760022798,70.94388935998666
152,,,,,,,,,,,,,,11916.134165279202,2561.8981553374742,88.546875
153,,,,,,,,,,,,,,11916.07812875601,2977.097519155649,85.27725360576923
154,,,,,,,,,,,,,,11434.641857147217,2798.544774055481,83.9828052520752
155,,,,,,,,,,,,,,10707.238160638695,2425.089338933329,81.54912381723108
156,,,,,,,,,,,,,,13600.085611979166,2922.0935524929773,71.87268477879213
157,,,,,,,,,,,,,,11003.08806442002,2470.2543086682335,80.64084017478814
158,,,,,,,,,,,,,,13467.2777684878,2464.045649280287,65.98349542487158
159,,,,,,,,,,,,,,13998.562896426361,2426.6493947246286,66.22227432704207
160,,,,,,,,,,,,,,11301.407368544991,2102.424008200355,67.74470162898936
161,,,,,,,,,,,,,,10554.051809210527,1877.5216840012629,76.88003333529136
162,,,,,,,,,,,,,,8640.420097351074,1569.9378972053528,81.67029762268066
163,,,,,,,,,,,,,,8211.547501929012,980.5449806495949,71.0829490379051
164,,,,,,,,,,,,,,9708.804174898229,1883.7834888911339,77.968435704023
165,,,,,,,,,,,,,,10639.148836171582,1725.4360726460088,77.25684142380618
166,,,,,,,,,,,,,,8664.038673343515,1482.4315213081532,70.53069012864192
167,,,,,,,,,,,,,,10328.142691115703,1703.152672633652,75.12926338132748
168,,,,,,,,,,,,,,8958.520297759434,1527.754884194428,72.39854805424528
169,,,,,,,,,,,,,,10956.998314144737,2022.794260982045,71.16284950657895
170,,,,,,,,,,,,,,11905.403061159992,2311.971738154834,70.86238053701456
171,,,,,,,,,,,,,,11577.839374105439,2155.2027648459866,71.87259213979007
172,,,,,,,,,,,,,,9609.269856770834,1849.1989992831616,69.94178025265957
173,,,,,,,,,,,,,,8742.20836375584,1847.704019992151,66.5682019385222
174,,,,,,,,,,,,,,11742.647548190507,2528.4822935124034,70.46463232925258
175,,,,,,,,,,,,,,7369.66163451729,1890.500776467864,69.19170827963917
176,,,,,,,,,,,,,,10270.655145913875,2544.383339373926,72.19216132409794
177,,,,,,,,,,,,,,12978.66832072659,2886.9209476107003,72.70976597007508
178,,,,,,,,,,,,,,14010.070499292156,3024.642241407561,68.53566419358222
179,,,,,,,,,,,,,,14645.798908116467,2952.439904743494,72.15087890625
180,,,,,,,,,,,,,,12209.506804249631,2546.916290733315,68.46452831167035
181,,,,,,,,,,,,,,13469.86979939089,2748.241859772246,68.90376224841101
182,,,,,,,,,,,,,,11781.701723040956,2669.2173202977037,75.42456609552556
183,,,,,,,,,,,,,,13255.459106445312,3019.5565374037797,73.51433069565716
184,,,,,,,,,,,,,,16155.43174563172,3076.5464085951503,70.85585727486558
185,,,,,,,,,,,,,,16461.5540388607,3058.056681164956,72.17865688422509
186,,,,,,,,,,,,,,16817.842720555054,3085.440919731498,69.47303347811372
187,,,,,,,,,,,,,,11168.610430372806,2803.810002912555,76.96512643914474
188,,,,,,,,,,,,,,11274.953072870328,2718.652798146964,75.25558135008897
189,,,,,,,,,,,,,,11971.973011997768,2683.111856515067,78.03633858816964
190,,,,,,,,,,,,,,11750.303839057944,2765.3391533231597,79.98239696269133
191,,,,,,,,,,,,,,13550.850444240195,2836.9727960324753,79.32741268382352
192,,,,,,,,,,,,,,15433.744859850085,2841.94785205738,70.80884448902027
193,,,,,,,,,,,,,,15206.451392389114,2866.356668189264,69.73050340221774
194,,,,,,,,,,,,,,15087.296191728548,2942.6291930950906,70.83571028001238
195,,,,,,,,,,,,,,15320.684885660807,3005.735144721137,73.85134887695312
196,,,,,,,,,,,,,,15742.276693960337,3085.1876061072717,76.97511080228365
197,,,,,,,,,,,,,,15468.60549868295,3087.2958086386493,78.171212733477
198,,,,,,,,,,,,,,15444.522036345108,2998.066162109375,76.96642535665761
199,,,,,,,,,,,,,,15372.297779605264,3029.9507598341556,78.0249845805921
200,,,,,,,,,,,,,,14678.01111388949,2942.366282743566,78.04751872026384
201,,,,,,,,,,,,,,15561.905210072757,3107.2707659306416,79.10573339098282
202,,,,,,,,,,,,,,15560.986394457546,3110.7844496241155,76.97878279775944
203,,,,,,,,,,,,,,16499.32108328683,3130.0230660574775,76.61890869140625
204,,,,,,,,,,,,,,15339.624698464911,2944.6358227110745,76.43909847861842
205,,,,,,,,,,,,,,14372.271385822822,2699.489594905748,75.16253046158256
206,,,,,,,,,,,,,,14045.942353473713,2824.9975470677978,75.74589466537017
207,,,,,,,,,,,,,,15179.87567915483,2967.74306418679,77.40062588778409
208,,,,,,,,,,,,,,14885.758709161932,2992.966338556463,79.094384765625
209,,,,,,,,,,,,,,11646.402548444323,2085.926830375038,51.99240285548581
210,,,,,,,,,,,,,,13626.073089713058,2516.682318591717,75.01855831784387
211,,,,,,,,,,,,,,11116.435858718487,2156.654971852022,78.48554030987395
212,,,,,,,,,,,,,,9813.987068684895,2097.309312947591,76.5821044921875
213,,,,,,,,,,,,,,10233.340581293707,2056.560739797312,76.52263849431819
214,,,,,,,,,,,,,,9507.783709226733,1923.5991897026117,76.6872433850365
215,,,,,,,,,,,,,,8845.773695591517,1597.003134591239,76.51654227120535
216,,,,,,,,,,,,,,9138.47695904356,1423.7645433830492,75.49986683238636
217,,,,,,,,,,,,,,11862.465426974826,1867.0770729912651,79.18351236979167
218,,,,,,,,,,,,,,9170.985052614797,1598.6643448394982,75.94019052933673
219,,,,,,,,,,,,,,8233.68533842745,1713.5955453616136,72.61848101699562
220,,,,,,,,,,,,,,10721.414630268895,2124.159020002498,78.44560206213663
221,,,,,,,,,,,,,,10452.929308071258,1847.6204997263137,74.84586484872611
222,,,,,,,,,,,,,,12131.87453654661,2099.0491681287517,75.78748179290254
223,,,,,,,,,,,,,,6412.672498914931,1539.1168585883247,69.26500592912946
224,,,,,,,,,,,,,,6519.167094009183,1265.1919801540284,77.43134904472748
225,,,,,,,,,,,,,,8762.075247099905,1576.2131353821417,80.16559392755681
226,,,,,,,,,,,,,,8858.421339968418,1584.62146905128,77.57472780917553
227,,,,,,,,,,,,,,9453.007645769818,1727.8904415967988,76.76681592987805
228,,,,,,,,,,,,,,9032.674160523035,1596.7104337450485,77.08212065360915
229,,,,,,,,,,,,,,6822.7573887087265,1422.6804268315154,77.11814333357901
230,,,,,,,,,,,,,,7507.146488938376,1450.2923914829148,77.08256972838785
231,,,,,,,,,,,,,,15141.574690934065,2397.946941669171,49.45792598514767
232,,,,,,,,,,,,,,13854.091803883823,1940.1408451938173,49.50127910997308
233,,,,,,,,,,,,,,12828.121805481991,2386.6255962134755,51.78932733050848
234,,,,,,,,,,,,,,15868.704007919521,3367.0223316210045,79.83310145547945
235,,,,,,,,,,,,,,15788.078330592105,3235.37612257962,76.5318270596591
236,,,,,,,,,,,,,,15503.273171164772,3328.3623701031697,79.2536679500598
237,,,,,,,,,,,,,,14769.348457845052,3353.343845621745,77.1930419921875
238,,,,,,,,,,,,,,14069.799233911244,3300.979399659318,77.61306720890411
239,,,,,,,,,,,,,,15714.768006441886,3249.5192978172972,80.93198756167763
240,,,,,,,,,,,,,,16513.55589715149,3388.410603338799,74.76566719714506
241,,,,,,,,,,,,,,17461.330182210033,3289.60735988318,63.15648112999608
242,,,,,,,,,,,,,,18512.695275878905,2662.8312759399414,65.60145721435546
243,,,,,,,,,,,,,,15904.407835092117,3075.3245166380016,74.65677836403918
244,,,,,,,,,,,,,,17571.25735706278,3036.6756006078335,77.93145450882848
245,,,,,,,,,,,,,,16627.48622383192,2997.591948574029,81.10892464350728
246,,,,,,,,,,,,,,15417.776949179293,3031.099960789536,88.79573567708333
247,,,,,,,,,,,,,,15922.36141564711,3027.696905172096,79.00055046801297
248,,,,,,,,,,,,,,17015.548561789772,3075.4831192527663,78.88447826330741
249,,,,,,,,,,,,,,15629.899344308036,2792.1407557896205,54.80355130709135
250,,,,,,,,,,,,,,16011.906507554944,2740.258355109246,54.94583834134615
251,,,,,,,,,,,,,,14555.735821655624,2683.814178204468,56.220690533219916
252,,,,,,,,,,,,,,12175.112096399695,2711.3448716810535,75.2659408462631
253,,,,,,,,,,,,,,14701.890672508445,2715.081310045397,55.33900575380068
254,,,,,,,,,,,,,,14653.402041955174,2773.581651871128,58.33241845845481
255,,,,,,,,,,,,,,13566.952543839165,2619.510852979577,49.48651786472487
256,,,,,,,,,,,,,,15643.9536352759,2677.9490488413217,45.9520362647804
257,,,,,,,,,,,,,,14200.174193195093,2474.4179253979264,45.284699912383175
258,,,,,,,,,,,,,,13815.809036330049,2474.395331321679,45.28643107296798
259,,,,,,,,,,,,,,13345.465644426244,2518.7100370673725,55.13634860131048
260,,,,,,,,,,,,,,14174.703298375227,2955.7686564127603,73.61519722316577
261,,,,,,,,,,,,,,14465.634623344371,2945.0939682714197,66.97808878311258
262,,,,,,,,,,,,,,14323.66746727196,2849.8721717628273,68.45501379064612
263,,,,,,,,,,,,,,12436.935228587963,2767.512600368924,74.16904839409722
264,,,,,,,,,,,,,,9282.932787181713,2236.127739348235,79.779248046875
265,,,,,,,,,,,,,,9610.356229188012,2124.121939737289,82.76365386462602
266,,,,,,,,,,,,,,9850.28213562753,2166.1403423108554,83.6686309938006
267,,,,,,,,,,,,,,10152.931353635204,2391.6374242665815,82.33130978954081
268,,,,,,,,,,,,,,8516.618341445923,2035.1961584091187,78.94866371154785
269,,,,,,,,,,,,,,8295.410598028273,2120.6556658063614,82.84856305803571
270,,,,,,,,,,,,,,12637.998472045068,2667.9275887417957,61.649937220982146
271,,,,,,,,,,,,,,11510.476577582047,2927.8110690908543,80.51147178149131
272,,,,,,,,,,,,,,11264.910167649563,2707.797237886065,78.11815646279183
273,,,,,,,,,,,,,,10522.601729230182,2780.552539856453,84.33144173971037
274,,,,,,,,,,,,,,13089.547368893678,2971.361895915649,78.12473060344827
275,,,,,,,,,,,,,,9564.056568414393,1994.9917645521566,69.70934027013644
276,,,,,,,,,,,,,,10774.20428722077,2271.5679871301686,68.98361937084125
277,,,,,,,,,,,,,,13602.264247720364,2408.482913124525,55.81184252707067
278,,,,,,,,,,,,,,14767.8828125,2667.4916219590586,64.91779568829114
279,,,,,,,,,,,,,,15679.996156465022,2469.6585502974485,61.76647613245413
280,,,,,,,,,,,,,,17463.673666294642,3308.960117885045,63.37399135044643
281,,,,,,,,,,,,,,19035.869,3647.34852734375,65.67837890625
282,,,,,,,,,,,,,,18363.468143203885,3475.9436359096885,67.19837492415049
283,,,,,,,,,,,,,,15461.172767275855,3284.9034511021205,71.6809823172433
284,,,,,,,,,,,,,,14131.34736107433,3441.7630035917637,74.51059322033899
285,,,,,,,,,,,,,,13418.548256093245,3224.747916508647,76.67779126213593
286,,,,,,,,,,,,,,14367.023727373018,3156.7968510784403,63.972736457582855
287,,,,,,,,,,,,,,16349.231304985336,3050.479976888975,60.06466361574414
288,,,,,,,,,,,,,,16844.45948791504,3381.154931386312,59.76955032348633
289,,,,,,,,,,,,,,16221.511020811264,3036.0104649430614,60.22259831832627
290,,,,,,,,,,,,,,10076.893506395947,2256.130615234375,72.51801274896978
291,,,,,,,,,,,,,,12863.342374648311,2552.534235423784,67.53891962670819
292,,,,,,,,,,,,,,11014.138473923142,1960.0241645606789,67.38598962732263
293,,,,,,,,,,,,,,10692.70040073827,2111.097987301527,70.73746586771844
294,,,,,,,,,,,,,,10708.096083436469,2367.5980413959364,69.9952283802599
295,,,,,,,,,,,,,,10824.648545359141,2316.7983165228543,66.39594070662314
296,,,,,,,,,,,,,,13730.840411171635,2882.4818305619265,70.64321871416284
297,,,,,,,,,,,,,,12498.628610942178,2522.6481633900166,58.980052102825596
298,,,,,,,,,,,,,,9321.713556281888,1933.6274419044962,76.8731764190051
299,,,,,,,,,,,,,,9985.868230646307,2077.689298687559,78.00528786399148
300,,,,,,,,,,,,,,9607.752239637139,2546.092335598528,76.07232010266013
301,,,,,,,,,,,,,,10568.087969198994,2540.332425055376,78.71608970905173
302,,,,,,,,,,,,,,8722.587968968634,2102.8836984207383,56.9314748280084
303,,,,,,,,,,,,,,12820.71780589124,2738.16760954612,63.48469953738671
304,,,,,,,,,,,,,,11824.679458342735,2493.744802536947,72.78830804377256
305,,,,,,,,,,,,,,9137.652791922434,1758.0691484723773,73.39037214006696
306,,,,,,,,,,,,,,10580.963611421132,2162.0717241974917,70.84803989955357
307,,,,,,,,,,,,,,15378.965628201844,2712.8136918865266,66.46029713114754
308,,,,,,,,,,,,,,14847.91857602416,2796.9391918876927,54.738621815913866
309,,,,,,,,,,,,,,16362.121456544211,2822.9468810879853,49.244710907681295
310,,,,,,,,,,,,,,16965.215522549257,2378.989448330507,47.68363538638566
311,,,,,,,,,,,,,,14352.450331439393,2989.7351236979166,60.59359463778409
312,,,,,,,,,,,,,,19511.774599004424,2599.160270110274,32.19087735066372
313,,,,,,,,,,,,,,18587.234834558825,2563.25464400604,33.27113396139706
314,,,,,,,,,,,,,,18287.383480394245,2172.747192549121,26.76477483182902
315,,,,,,,,,,,,,,14191.128225911458,2945.9193725585938,62.7980908203125
316,,,,,,,,,,,,,,16271.924898481639,2817.731007376633,54.48000115863348
317,,,,,,,,,,,,,,16293.013926630434,2794.734601702009,62.74961180124224
318,,,,,,,,,,,,,,11430.046681958576,3012.589299638142,81.665283203125
319,,,,,,,,,,,,,,16839.0704397713,2917.2384586955673,48.83578697720865
320,,,,,,,,,,,,,,17740.99321791705,2700.1671770881203,37.8495402616613
321,,,,,,,,,,,,,,15251.0651166867,2699.1256209935896,49.28147911658654
322,,,,,,,,,,,,,,9784.18024040671,2246.2247924804688,73.71693689682904
323,,,,,,,,,,,,,,9621.907016807878,2037.8646639971666,76.07159509793134
324,,,,,,,,,,,,,,18106.45022346175,2625.594383899494,40.29126138962029
325,,,,,,,,,,,,,,15281.711348817022,2705.3208304314035,50.02241930111434
326,,,,,,,,,,,,,,13592.200849260602,2590.6170182001024,55.699070521763396
327,,,,,,,,,,,,,,13743.329217678163,2713.743648622094,61.48405196027058
328,,,,,,,,,,,,,,17034.804261198722,2896.090074285265,60.63369684839396
329,,,,,,,,,,,,,,16533.2252249053,3000.453079870975,66.82720614346592
330,,,,,,,,,,,,,,18820.742710950588,1973.4651097692238,31.99268314227387
331,,,,,,,,,,,,,,13855.26360649261,1362.8779079513333,24.10426265357906
332,,,,,,,,,,,,,,19347.969463357997,2886.2928469871695,52.27803004959068
333,,,,,,,,,,,,,,17136.330231254622,3176.2197215063334,67.09500537398299
334,,,,,,,,,,,,,,15303.290204581568,2770.835360252251,61.508784924523304
335,,,,,,,,,,,,,,16752.554832374655,2949.21737234933,54.90955126416552
336,,,,,,,,,,,,,,15510.531674194335,2831.650131225586,60.14442901611328
337,,,,,,,,,,,,,,15211.98173754143,2952.014374704072,68.99798029119319
338,,,,,,,,,,,,,,16073.613570851294,2921.0138916015626,66.01277444773707
339,,,,,,,,,,,,,,15249.138579577935,2935.546909983565,67.47010468273628
340,,,,,,,,,,,,,,15687.655808451938,2982.785901563789,69.21293413521039
341,,,,,,,,,,,,,,16014.846374322755,3006.1475130913796,68.13562880950077
342,,,,,,,,,,,,,,15008.906066674188,2840.1006793631545,74.47182599560018
343,,,,,,,,,,,,,,14870.158946161684,2930.3034951030345,76.9144923997962
344,,,,,,,,,,,,,,15256.953199846032,2963.888187157847,77.8420748745438
345,,,,,,,,,,,,,,8758.424118768602,1473.3365425230966,72.2529529389881
346,,,,,,,,,,,,,,8334.28238208912,1559.5484194155092,72.613427734375
347,,,,,,,,,,,,,,9511.334085623956,1722.9224012496081,70.13891356605352
348,,,,,,,,,,,,,,9203.450099108388,1972.8559102905726,79.13320639230948
349,,,,,,,,,,,,,,9875.634288357613,1830.5290330012042,74.161250293703
350,,,,,,,,,,,,,,11140.293739286657,2023.7893787496703,74.91876607001582
351,,,,,,,,,,,,,,10277.246861049107,2048.343585250969,74.83266087582237
352,,,,,,,,,,,,,,10555.6893946044,2102.1733256707926,75.84887420997191
353,,,,,,,,,,,,,,11606.25516981751,2169.133079936486,77.1701380605916
354,,,,,,,,,,,,,,14023.879730037384,2562.970933785468,66.67334733272622
355,,,,,,,,,,,,,,11989.147596373175,2423.4253704878533,71.92353943316606
356,,,,,,,,,,,,,,14348.407080078125,2660.7632853190103,63.94554443359375
357,,,,,,,,,,,,,,16179.35724903208,2973.79774029487,64.98488272607854
358,,,,,,,,,,,,,,17784.719330474214,2794.842506248634,55.64571097847465
359,,,,,,,,,,,,,,17494.314453125,2895.981824617485,57.81091012921713
360,,,,,,,,,,,,,,8689.500946163667,1600.4217643292498,80.01413735712549
361,,,,,,,,,,,,,,9103.99539938807,1889.0976957023825,77.55161299904942
362,,,,,,,,,,,,,,10582.99150206368,2085.496042158019,73.23047427771226
363,,,,,,,,,,,,,,11555.852143877675,2142.86964505563,77.77497834083171
364,,,,,,,,,,,,,,12096.166742092226,2018.9434898810657,71.48768578506098
365,,,,,,,,,,,,,,10656.326147017046,1794.739649325284,72.62813565340909
366,,,,,,,,,,,,,,10782.852280256184,1727.3182032285226,74.26408423973056
367,,,,,,,,,,,,,,12599.250868500256,2474.3863825563526,75.38540399269979
368,,,,,,,,,,,,,,10320.820351099308,2086.56665569803,75.11778964920948
369,,,,,,,,,,,,,,8032.213092545818,1319.9196697034333,27.881954336524906
370,,,,,,,,,,,,,,11204.539397960401,1947.9031292864383,64.52985597566794
371,,,,,,,,,,,,,,12144.330485983455,1928.8572962143842,56.04231100643382
372,,,,,,,,,,,,,,13679.248699437792,1835.7557897835134,44.88538624415888
373,,,,,,,,,,,,,,10297.84347472735,1954.6080002752726,60.633756291946305
374,,,,,,,,,,,,,,10221.32947358631,1811.6309581938244,66.94070870535714
375,,,,,,,,,,,,,,10326.802348889803,1845.635398463199,67.11041902240954
376,,,,,,,,,,,,,,8347.745200376157,1924.4943485966435,64.6759765625
377,,,,,,,,,,,,,,8207.572220828555,1567.6929763653957,72.62896896502293
378,,,,,,,,,,,,,,9489.3978805542,1732.3173608779907,70.02164840698242
379,,,,,,,,,,,,,,9867.074581473214,1592.4066185360864,68.56077008928571
380,,,,,,,,,,,,,,8031.341306423611,2218.401810438368,74.18132161458334
381,,,,,,,,,,,,,,11282.818403101679,2062.8619648947642,63.883384590718286
382,,,,,,,,,,,,,,12104.324391682943,2201.5400674608018,69.18895975748698
383,,,,,,,,,,,,,,11032.155169700092,2149.742901588971,75.88196471497253
384,,,,,,,,,,,,,,9122.680956305181,2077.7677510201265,75.3669134090381
385,,,,,,,,,,,,,,12085.163985978312,2161.8811996232216,72.35318585296176
386,,,,,,,,,,,,,,9222.54223541374,1694.5907531052494,75.77456219276685
387,,,,,,,,,,,,,,9104.833533225405,1725.0890198914271,73.56529415696293
388,,,,,,,,,,,,,,10603.534728773586,1784.119093178803,76.34643462558962
389,,,,,,,,,,,,,,9975.982086637126,1741.2680085594975,74.44692309934702
390,,,,,,,,,,,,,,10699.162719285876,1818.8319567738888,74.34827144912003
391,,,,,,,,,,,,,,18130.78107632562,2589.713376059129,32.2419924722121
392,,,,,,,,,,,,,,17343.28848520915,2754.8557205200195,40.73255920410156
393,,,,,,,,,,,,,,14821.894673172577,3079.6027882717885,53.09207058282872
394,,,,,,,,,,,,,,17723.666945265577,2570.833228492164,40.90587609093468
395,,,,,,,,,,,,,,17350.648282137783,2383.270948236639,40.75227355957031
396,,,,,,,,,,,,,,18253.246017818576,2746.891803519,45.12339805784287
397,,,,,,,,,,,,,,18644.972383014898,3065.3376041076344,49.96642370668717
398,,,,,,,,,,,,,,10110.587117513021,1584.8613659086682,67.97659737723214
399,,,,,,,,,,,,,,10586.66094226372,1775.4940490722656,64.34428889576982
400,,,,,,,,,,,,,,10225.572048611111,1775.7251790364583,66.55091897035257
401,,,,,,,,,,,,,,9774.877437991696,1581.6332922448646,64.75801737325175
402,,,,,,,,,,,,,,8885.267815290179,1520.40009765625,68.49228515625
403,,,,,,,,,,,,,,8564.06075386379,1419.0899744448454,66.68522046959919
404,,,,,,,,,,,,,,8922.790841238839,1273.7855718703497,71.69070870535714
405,,,,,,,,,,,,,,10543.231335746952,1727.3770763862424,75.30404439786585
406,,,,,,,,,,,,,,11273.62108574539,1703.6362114577996,70.35682353035348
407,,,,,,,,,,,,,,10877.244358078187,1754.4634782428202,75.36700563006073
408,,,,,,,,,,,,,,10931.54610932309,1815.456185274346,70.85595703125
409,,,,,,,,,,,,,,13525.08237151568,2323.636285761923,68.72715626361062
410,,,,,,,,,,,,,,12344.339815647481,2353.6282151036985,72.80801940478867
411,,,,,,,,,,,,,,11963.677251344086,2339.0181740381386,72.56285177251344
412,,,,,,,,,,,,,,12410.824645996094,1924.312474337491,67.5865214954723
413,,,,,,,,,,,,,,11720.005950055804,2093.771236310686,71.88633858816964
414,,,,,,,,,,,,,,11191.330171130952,1794.7839044064892,70.95299047353316
415,,,,,,,,,,,,,,14563.610129732377,3096.206592689295,53.777370522601174
416,,,,,,,,,,,,,,13538.639222490026,3186.797936405696,80.71980447972075
417,,,,,,,,,,,,,,15055.622168892942,3062.3423729544556,61.96219286031151
418,,,,,,,,,,,,,,13399.473070790817,3108.1454659598216,94.07105189732142
419,,,,,,,,,,,,,,16959.113144667834,3186.0603471235795,70.77142632757867
420,,,,,,,,,,,,,,17079.236007984677,3046.7644419604426,59.41585824509298
421,,,,,,,,,,,,,,15783.927155454716,3131.943831575131,62.51506654659431
422,,,,,,,,,,,,,,15322.065784272694,3087.1465606689453,61.67055402483259
423,,,,,,,,,,,,,,14562.60613176735,3096.9898726549436,71.86077125574833
424,,,,,,,,,,,,,,12305.750217013889,2706.6000963645006,66.07295929439483
425,,,,,,,,,,,,,,15084.764453753014,2996.490668490002,67.02140587319131
426,,,,,,,,,,,,,,15078.92881081321,3133.713653564453,60.80903764204545
427,,,,,,,,,,,,,,13322.57438465251,3026.5307013905644,70.4874385406612
428,,,,,,,,,,,,,,14193.113680310424,3257.9345654459094,65.54154770556478
429,,,,,,,,,,,,,,16727.593740402335,3192.4963768811426,51.2183624942414
430,,,,,,,,,,,,,,16396.490456081083,3284.526717562289,56.19421716638514
431,,,,,,,,,,,,,,15419.50788826778,3146.2909412603267,56.309490335398706
432,,,,,,,,,,,,,,13683.128599330357,2340.8157331194197,72.5714617047991
433,,,,,,,,,,,,,,14014.459312608507,2456.09513414171,59.2066162109375
434,,,,,,,,,,,,,,17191.200238992613,2884.239898194139,63.785961212060705
435,,,,,,,,,,,,,,15380.077155242814,2665.4368203193053,71.41211788164199
436,,,,,,,,,,,,,,12378.668846558989,2177.817168389367,75.1923828125
437,,,,,,,,,,,,,,15797.578503417968,2935.3304275512696,58.377122497558595
438,,,,,,,,,,,,,,17165.416632736156,2852.544715110953,58.874060018831436
439,,,,,,,,,,,,,,15948.921351066469,2730.345463634673,54.999042038690476
440,,,,,,,,,,,,,,15421.977033943966,2681.717277502939,56.230883559463166
441,,,,,,,,,,,,,,16486.974168137458,3116.466183684593,65.43530030107974
442,,,,,,,,,,,,,,12423.197195030121,2390.7423228068524,67.86809346762048
443,,,,,,,,,,,,,,8656.46197099989,1604.317006087556,45.359347393992934
444,,,,,,,,,,,,,,13887.247893032962,2656.05328201921,68.5658744916524
445,,,,,,,,,,,,,,12943.130359016122,2526.5597074798475,72.51109588946555
446,,,,,,,,,,,,,,14008.106822916667,2805.329327799479,69.9675927734375
447,,,,,,,,,,,,,,14569.29082994058,2540.9022638025417,69.45313703510124
448,,,,,,,,,,,,,,14387.654352762613,2801.7397453583867,42.69919374764684
449,,,,,,,,,,,,,,10622.933911820533,1895.591391415663,42.556160940250884
450,,,,,,,,,,,,,,14212.61378330721,2980.3072345219434,59.48633577831113
451,,,,,,,,,,,,,,13933.126742438046,2855.5820905057058,55.99573216563411
452,,,,,,,,,,,,,,13869.52772022192,2979.004539600317,58.22429093070652
453,,,,,,,,,,,,,,12791.348241035214,2949.5992507259402,61.1149405420354
454,,,,,,,,,,,,,,12985.523702870245,2327.4982905733414,69.32931916610055
455,,,,,,,,,,,,,,13667.731809129902,2620.875696997549,69.61310029871323
456,,,,,,,,,,,,,,11593.201429578992,2159.5315670437285,73.82074483235677
457,,,,,,,,,,,,,,6553.471892944561,742.2800886780574,27.81094641879036
458,,,,,,,,,,,,,,6630.787195181747,1056.568555504707,72.02239556093096
459,,,,,,,,,,,,,,6785.896432613737,1140.0004990648465,69.32453794445671
460,,,,,,,,,,,,,,7546.9171289755095,1169.7247186755458,63.753329662566486
461,,,,,,,,,,,,,,8943.373849780988,1455.8447413743788,70.2695904975157
462,,,,,,,,,,,,,,9461.092713109314,1589.249792621863,75.2844681316361
463,,,,,,,,,,,,,,9402.622457107844,1476.1069891237746,75.30244140625
464,,,,,,,,,,,,,,9456.249617346939,1821.6756447305484,78.02060347576531
465,,,,,,,,,,,,,,7714.293666561902,1290.4562506547834,74.60199465696839
466,,,,,,,,,,,,,,12831.264010184152,2745.3059727260043,71.6461199079241
467,,,,,,,,,,,,,,13913.456983173077,2663.2251111778846,63.57128004807692
468,,,,,,,,,,,,,,14019.017649048534,2432.8304811616185,64.95717036923882
469,,,,,,,,,,,,,,12321.145560694946,3119.3732046409636,72.7524748984657
470,,,,,,,,,,,,,,13341.096778620302,2651.1189387701697,66.23955939797794
471,,,,,,,,,,,,,,15102.441918616872,3379.225331943666,77.27391045403587
472,,,,,,,,,,,,,,13617.997963686343,3042.1325546264648,64.25123697916666
473,,,,,,,,,,,,,,15358.83308502907,3315.8404376362646,75.1088617369186
474,,,,,,,,,,,,,,13857.633984375,3129.963079474954,61.35672535615809
475,,,,,,,,,,,,,,14444.455124480815,2981.7476721654966,62.83506601068038
476,,,,,,,,,,,,,,14732.746011800698,2901.201649058949,57.81210732626748
477,,,,,,,,,,,,,,13442.485581728746,2919.811498776831,56.16461983112374
478,,,,,,,,,,,,,,13745.837649875217,3016.8848037719727,56.231669108072914
479,,,,,,,,,,,,,,14118.183729475635,3216.53127482786,51.16390360169491
480,,,,,,,,,,,,,,14503.026159731218,3449.791422315212,58.32031376497733
481,,,,,,,,,,,,,,14495.849407229409,3381.6543822886297,63.90883945654154
482,,,,,,,,,,,,,,11739.501213403239,2701.4844544876455,68.39473726899917
483,,,,,,,,,,,,,,8300.052104790495,1990.87632118544,69.04546196744373
484,,,,,,,,,,,,,,8845.51721676162,2106.794209284042,73.97031003215253
485,,,,,,,,,,,,,,8661.09939474588,2308.397731012477,78.53106219951923
486,,,,,,,,,,,,,,12258.252500146851,2185.9348300560973,76.23758921228854
487,,,,,,,,,,,,,,10102.153786961037,2427.074435077136,77.03063501285601
488,,,,,,,,,,,,,,10204.798336429196,2343.0591622732736,77.9102399065778
489,,,,,,,,,,,,,,10882.591122664591,2304.6360349824845,76.66410420373666
490,,,,,,,,,,,,,,10992.194118583464,2222.1007776529436,71.69251138812696
491,,,,,,,,,,,,,,10190.01611180608,2348.3721418582422,73.26666056929758
492,,,,,,,,,,,,,,17641.24070560516,2526.661378503224,33.42989908854167
493,,,,,,,,,,,,,,18953.61434953384,2651.532731479483,33.148062521581494
494,,,,,,,,,,,,,,19137.32813569229,2740.1546421468693,36.08053432937956
495,,,,,,,,,,,,,,19563.109377743152,2229.2722766319016,27.39190125197507
496,,,,,,,,,,,,,,19406.30342888684,2265.155401573418,28.784730141207298
497,,,,,,,,,,,,,,18802.70137303956,2754.667407318001,39.637939453125
498,,,,,,,,,,,,,,17410.615695853223,2643.6185661079207,53.803363080809966
499,,,,,,,,,,,,,,15516.27700109649,2727.5819380910775,68.61181640625
500,,,,,,,,,,,,,,15595.583186405642,2658.3399339965345,59.87873145671206
501,,,,,,,,,,,,,,14440.34016377217,2567.3470195048562,67.62436325485642
502,,,,,,,,,,,,,,12589.863802783379,2872.4930546804994,69.58355909778226
503,,,,,,,,,,,,,,18453.556023036068,2603.6210059365735,38.31049283596838
504,,,,,,,,,,,,,,18686.6932578125,2683.2413837890626,39.273041015625
505,,,,,,,,,,,,,,17871.95082259352,2703.684575658645,44.53586372319799
506,,,,,,,,,,,,,,15726.823615693476,2074.033940410234,52.76740109873008
507,,,,,,,,,,,,,,13275.336114643895,2370.1407635356104,62.300186228197674
508,,,,,,,,,,,,,,12602.631637089931,2082.1422759871675,71.44357810732465
509,,,,,,,,,,,,,,9617.589077987335,1757.2062020322826,73.5714998623348
510,,,,,,,,,,,,,,8278.34699370002,1683.6321137810396,65.16215869633838
511,,,,,,,,,,,,,,9597.637812651405,1642.42033398059,77.04627316497093
512,,,,,,,,,,,,,,8134.135328169558,1488.124288928826,76.23117610800855
513,,,,,,,,,,,,,,11683.210067230017,2398.6293997213143,54.10903619260204
514,,,,,,,,,,,,,,16260.898757289833,3059.693309515295,78.30362497249119
515,,,,,,,,,,,,,,17109.83499710648,3022.3589730310923,74.51617246685606
516,,,,,,,,,,,,,,17730.505264073203,3208.753143728596,78.03093228274828
517,,,,,,,,,,,,,,16929.92581527657,2984.672625285823,72.98704948824042
518,,,,,,,,,,,,,,6948.55451054794,1036.954159936723,53.880936542064035
519,,,,,,,,,,,,,,10591.734521663233,2166.3870675223216,70.99167775583791
520,,,,,,,,,,,,,,10599.443240367384,2219.4136801005266,72.11235194052419
521,,,,,,,,,,,,,,9690.752714570586,1741.219071821733,70.75215287642045
522,,,,,,,,,,,,,,8245.920030006488,1512.6136609773735,68.08370728806229
523,,,,,,,,,,,,,,7224.747669247415,1442.1276056303395,72.28859529563849
524,,,,,,,,,,,,,,7974.583931998811,1535.0688425875865,69.2662062067474
525,,,,,,,,,,,,,,8526.962641215154,1620.8032182652316,68.53311003540917
526,,,,,,,,,,,,,,8885.070997083509,1560.2269810857,64.5629783836571
527,,,,,,,,,,,,,,9896.69578328583,1422.0065170437194,66.35769862072476
528,,,,,,,,,,,,,,9717.799185775162,1286.3786278662744,50.01884765625
529,,,,,,,,,,,,,,9946.277953033892,1312.9470036898688,59.553752220754376
530,,,,,,,,,,,,,,3984.216805728077,846.355330420671,30.86345694952929
531,,,,,,,,,,,,,,12324.887135041066,2639.139622614934,68.15988393930289
532,,,,,,,,,,,,,,12758.332095908248,2341.2208775907893,47.81726910316781
533,,,,,,,,,,,,,,12390.029410300107,2493.0293196983444,55.252711136685555
534,,,,,,,,,,,,,,12324.134447544642,2684.5605594308036,57.54688058035714
535,,,,,,,,,,,,,,14352.293883606628,2565.212220579713,52.40181522578983
536,,,,,,,,,,,,,,13770.39027582213,2557.615151338799,53.68579953215843
537,,,,,,,,,,,,,,12398.508595087756,2419.2881486448523,62.623374625428085
538,,,,,,,,,,,,,,12645.972488839287,2416.243740699405,60.41680152529762
539,,,,,,,,,,,,,,12718.847472540223,2426.1075515998864,66.22229366491337
540,,,,,,,,,,,,,,12394.68827043685,2375.431128689987,69.86511948529412
541,,,,,,,,,,,,,,10192.178202387971,1749.9433372641508,74.10416789504717
542,,,,,,,,,,,,,,10315.035460486779,1960.3903897798978,76.26272911658654
543,,,,,,,,,,,,,,11232.73880343967,2186.724535200331,71.55086771647136
544,,,,,,,,,,,,,,11234.229368947184,1826.5980291884548,50.84561108476438
545,,,,,,,,,,,,,,14001.394361287796,2549.7425684746036,60.34753958102876
546,,,,,,,,,,,,,,12792.60097723138,2577.2065312633777,71.32189774186644
547,,,,,,,,,,,,,,11250.88841803926,2314.3633596922946,75.47479446356047
548,,,,,,,,,,,,,,12426.584631839514,2155.247788872911,69.65502661401099
549,,,,,,,,,,,,,,10995.097193461346,2323.7299157567772,79.99484069088855
550,,,,,,,,,,,,,,10553.658396166424,2376.5974537457605,78.12723700944767
551,,,,,,,,,,,,,,11286.113179837741,2676.278159743089,86.21004356971154
552,,,,,,,,,,,,,,12669.076747696714,2847.845759539965,82.50219434760956
553,,,,,,,,,,,,,,14009.071850585937,2786.4760306222097,74.41798095703125
554,,,,,,,,,,,,,,14250.955286561264,2862.544185593194,67.80164780447134
555,,,,,,,,,,,,,,7629.770125592341,1239.5119293713178,49.216285580494365
556,,,,,,,,,,,,,,15188.35144594254,2959.05791015625,62.02774540070565
557,,,,,,,,,,,,,,14016.263374255952,2899.6870667472717,61.746563430059524
558,,,,,,,,,,,,,,14653.796634759385,3019.259721944888,60.40833104532748
559,,,,,,,,,,,,,,15987.209993788227,3010.1401195467793,57.17805242975918
560,,,,,,,,,,,,,,15159.270248659992,3113.554026187045,64.15860607554612
561,,,,,,,,,,,,,,15466.349133224961,2942.7877030461473,58.55891219429348
562,,,,,,,,,,,,,,15331.329278243216,3109.7673404091283,58.07348954050165
563,,,,,,,,,,,,,,14650.32297747825,2952.296725653903,60.520577566964285
564,,,,,,,,,,,,,,14378.497241389143,2717.9511843493383,73.22304830063868
565,,,,,,,,,,,,,,12304.718545683732,2442.7134750041555,74.41408327792553
566,,,,,,,,,,,,,,9880.046763392857,2686.427584901148,87.59588647959184
567,,,,,,,,,,,,,,10845.459016219429,2573.8555412845335,84.52768607761548
568,,,,,,,,,,,,,,11054.566298628826,2735.767750518176,88.64438576211735
569,,,,,,,,,,,,,,11703.645306174089,2792.0748958201543,89.3326183736083
570,,,,,,,,,,,,,,12104.697523796696,2966.071675384638,77.85016500538794
571,,,,,,,,,,,,,,14134.073993905713,2875.2564986710695,60.78146142074742
572,,,,,,,,,,,,,,14737.509394590616,2722.517931349734,56.35469403020517
573,,,,,,,,,,,,,,13802.223379197761,2986.082487465019,59.70898145988806
574,,,,,,,,,,,,,,14817.42823765465,3010.753920415156,63.794275277303754
575,,,,,,,,,,,,,,14447.198690257354,2670.0027968462778,58.23747414981618
576,,,,,,,,,,,,,,12925.031886481629,2691.1622887754593,66.06480880591054
577,,,,,,,,,,,,,,15597.327011594347,2673.898090208665,53.12031623208599
578,,,,,,,,,,,,,,14781.245198567709,2601.33824697167,53.11152787642045
579,,,,,,,,,,,,,,13475.544924747242,2739.8527379653033,61.75233226102941
580,,,,,,,,,,,,,,13336.319914204116,2469.4158555690615,61.35310847809668
581,,,,,,,,,,,,,,12441.387769441006,2466.672725060592,68.18696820853961
582,,,,,,,,,,,,,,14680.27917159231,2702.6888692755447,69.54372205232319
583,,,,,,,,,,,,,,12980.473350391987,2595.621667948334,69.84491881260888
584,,,,,,,,,,,,,,13963.961524993774,2630.901106511454,67.73579315550299
585,,,,,,,,,,,,,,14406.749065743457,2794.949870085458,74.45187344878158
586,,,,,,,,,,,,,,14987.410193549262,2902.0908059014214,64.0213623046875
587,,,,,,,,,,,,,,9123.60360152633,1555.2437150743272,66.88081190321181
588,,,,,,,,,,,,,,9259.806791178386,1827.6446243286132,65.1076904296875
589,,,,,,,,,,,,,,9764.128324161022,1808.1661130407174,72.32054822198276
590,,,,,,,,,,,,,,11646.731848774942,2224.773720611429,75.18769256161971
591,,,,,,,,,,,,,,11567.333590939748,1991.5040805734318,66.50671474539119
592,,,,,,,,,,,,,,12758.776970165687,2407.927449271183,69.2089417732802
593,,,,,,,,,,,,,,11654.43672295027,2212.3704886487735,68.38622521841398
594,,,,,,,,,,,,,,11128.805172293527,2027.7193028041295,70.15790666852679
595,,,,,,,,,,,,,,11886.647062202639,2108.861754315122,70.2427754649654
596,,,,,,,,,,,,,,10702.02059220679,1964.3259774667245,73.00995852623457
597,,,,,,,,,,,,,,9987.374663628472,1756.4775146484376,74.275244140625
598,,,,,,,,,,,,,,9639.683975108348,1607.3830553040887,73.22315522354015
599,,,,,,,,,,,,,,8708.9911671847,1627.8550999138945,73.10416141633064
600,,,,,,,,,,,,,,14400.209372646837,3063.4968908838478,83.96624976468374
601,,,,,,,,,,,,,,16988.984403935185,3201.9047399450233,77.43550347222222
602,,,,,,,,,,,,,,15661.039523142688,3210.328432709316,81.14305166568396
603,,,,,,,,,,,,,,16228.637413194445,3216.22994068287,77.75811631944444
604,,,,,,,,,,,,,,15817.819596968357,2969.4042738428657,68.37494472287736
605,,,,,,,,,,,,,,15837.903243307572,3199.325453454021,75.50665217573925
606,,,,,,,,,,,,,,13671.171061197916,2897.7198800751657,77.2452392578125
607,,,,,,,,,,,,,,13798.898097826086,2871.618994912611,74.19402907299902
608,,,,,,,,,,,,,,13708.611994534604,2715.9340736487393,83.97397230418454
609,,,,,,,,,,,,,,13817.11659702035,2828.7777536791423,85.07687817950581
610,,,,,,,,,,,,,,11972.886820571683,2547.944666857968,85.69698330124407
611,,,,,,,,,,,,,,11362.466729525862,2864.195686528248,87.95554716363917
612,,,,,,,,,,,,,,10871.632601868872,2687.495003494562,83.62794404871323
613,,,,,,,,,,,,,,13239.551872141768,2727.0979111089937,84.05362042682927
614,,,,,,,,,,,,,,13074.84061373197,2895.7118236835186,83.40844961313101
615,,,,,,,,,,,,,,10199.291802177602,2549.0137580422793,84.43816724406109
616,,,,,,,,,,,,,,15485.326810679042,3047.441249302455,77.12456311677632
617,,,,,,,,,,,,,,16652.672341086647,3261.940384604714,65.0778475674716
618,,,,,,,,,,,,,,17120.149147146072,3009.5330401731203,43.649764090630114
619,,,,,,,,,,,,,,14292.085813406422,2698.5750381722632,61.62646214606354
620,,,,,,,,,,,,,,15065.354192450495,2455.8277599976795,64.28661625928218
621,,,,,,,,,,,,,,15288.998452829761,2058.2662406743957,48.87545279569404
622,,,,,,,,,,,,,,16074.009155593832,2896.993426786007,56.498819666584644
623,,,,,,,,,,,,,,12834.886155256723,2422.93106758099,54.423418637301346
624,,,,,,,,,,,,,,13404.287034013263,2801.608300310239,62.51593272709003
625,,,,,,,,,,,,,,14257.030722213794,3105.257411919751,63.741177753337375
626,,,,,,,,,,,,,,14388.651721460963,3091.3608660291798,58.67221849122634
627,,,,,,,,,,,,,,15295.782323962434,3066.642166738435,52.38136303518701
628,,,,,,,,,,,,,,13792.627741978406,2956.039458114735,55.826966668567515
629,,,,,,,,,,,,,,14032.093813189338,2870.239513442096,59.142140107996326
630,,,,,,,,,,,,,,9697.285797326744,1634.59215602745,68.4781718351403
631,,,,,,,,,,,,,,9879.202862639926,1754.9398498535156,72.36967081098415
632,,,,,,,,,,,,,,8920.297146863553,1324.747026492388,75.47005923763736
633,,,,,,,,,,,,,,8126.322866722135,1341.9383571363098,77.11441998533394
634,,,,,,,,,,,,,,7794.577468924506,1224.3481323661674,69.35836823453609
635,,,,,,,,,,,,,,6973.910441878575,1095.4996718861698,70.58073874080883
636,,,,,,,,,,,,,,8596.001244729663,1272.243062531002,73.49190383184524
637,,,,,,,,,,,,,,6881.156085982746,1140.6539473957077,78.98341351954633
638,,,,,,,,,,,,,,7973.587860330178,1265.0642281413948,76.39361171304745
639,,,,,,,,,,,,,,9388.598142470992,1614.9128387064873,79.0400761471519
640,,,,,,,,,,,,,,10338.768088942308,2305.601785606971,65.94573768028846
641,,,,,,,,,,,,,,9406.916974954043,2049.6733481014476,59.635072954963235
642,,,,,,,,,,,,,,10061.65321081913,2193.3313617128315,59.60806995738636
643,,,,,,,,,,,,,,10992.961357359674,2278.9294666849123,63.330065684713375
644,,,,,,,,,,,,,,8150.509689214576,1340.352303308385,70.32418520395993
645,,,,,,,,,,,,,,8656.901218506704,1343.2820973115809,61.8543958828936
646,,,,,,,,,,,,,,14983.359343396036,2968.9175089123178,59.638235740291265
647,,,,,,,,,,,,,,13074.959967626284,3294.560192369435,77.72136364244435
648,,,,,,,,,,,,,,14176.43337706592,3363.234725256459,66.94332375569908
649,,,,,,,,,,,,,,13265.196594238281,3220.41766166687,65.3104190826416
650,,,,,,,,,,,,,,12546.356771900615,3130.8716220543033,61.18309426229508
651,,,,,,,,,,,,,,13120.211983601006,3229.343319163603,58.940763774671055
652,,,,,,,,,,,,,,13288.274256343335,3202.8904073259473,56.43859053080061
653,,,,,,,,,,,,,,13456.335359375,2938.749544921875,51.4996875
654,,,,,,,,,,,,,,10065.546210705394,2360.8112086336378,46.82068524427817
655,,,,,,,,,,,,,,12570.4236516378,3407.356832113611,62.49987940041416
656,,,,,,,,,,,,,,13857.513712086396,3361.5614430147057,59.430778952205884
657,,,,,,,,,,,,,,14041.76145139139,3314.629677368516,57.43121707267651
658,,,,,,,,,,,,,,12799.614690504808,3216.1177719350962,63.08619140625
659,,,,,,,,,,,,,,13250.52221053686,3247.086852244842,63.84911639873798
660,,,,,,,,,,,,,,14041.482293180718,2146.869746245155,49.733299077943315
661,,,,,,,,,,,,,,15762.470194819598,2839.5486217222,60.30673920544164
662,,,,,,,,,,,,,,16653.079461194797,2986.7296493438903,62.204813517496255
663,,,,,,,,,,,,,,15860.515283872004,2692.261763899294,70.6990180864726
664,,,,,,,,,,,,,,10504.055964265046,1950.721812608507,79.30968424479167
665,,,,,,,,,,,,,,7824.3446136267,1020.2226201271524,64.87841796875
666,,,,,,,,,,,,,,8365.41409052823,1125.8072583985113,52.53367812972054
667,,,,,,,,,,,,,,13088.261819907868,2305.163856293576,75.29909366440488
668,,,,,,,,,,,,,,13282.3727048721,2375.0847404898473,77.0259530755538
669,,,,,,,,,,,,,,12746.372586841426,2297.6656887590393,73.90382170874226
670,,,,,,,,,,,,,,12091.777938627862,2719.0046893912304,76.85960882482394
671,,,,,,,,,,,,,,14465.00514190051,2761.899460565476,68.02081672512755
672,,,,,,,,,,,,,,13712.79108027548,2226.210758009854,69.67587992704703
673,,,,,,,,,,,,,,12863.816348379629,2716.9192274305556,75.75739474826389
674,,,,,,,,,,,,,,14759.73770837291,2184.052646439851,59.33351835581307
675,,,,,,,,,,,,,,12920.819945491217,2362.5867066227534,62.15040498621323
676,,,,,,,,,,,,,,14404.74711055546,2438.4425350650326,61.148530058808376
677,,,,,,,,,,,,,,14083.79831237793,2560.248109436035,62.09443817138672
678,,,,,,,,,,,,,,17510.24193589656,2250.987996330428,40.811493586244545
679,,,,,,,,,,,,,,18219.202305680614,2698.586889924303,52.807670981197035
680,,,,,,,,,,,,,,16125.864475166536,2433.8353642669963,55.44985091349922
681,,,,,,,,,,,,,,16966.095810735194,2941.241007823261,59.16674199380165
682,,,,,,,,,,,,,,14722.579039394064,2401.2693661150943,51.419376606017906
683,,,,,,,,,,,,,,14462.276732954546,2947.7465962357956,75.21379794034091
684,,,,,,,,,,,,,,11184.26765260858,2674.7704291909427,92.95929472325211
685,,,,,,,,,,,,,,14745.171639115339,2973.1419848750757,78.5280903249547
686,,,,,,,,,,,,,,16228.977246422559,3056.7531171085857,66.92162839330808
687,,,,,,,,,,,,,,11357.64681355337,2058.068492417925,78.2311764834972
688,,,,,,,,,,,,,,17538.954952116936,2889.1383936071907,53.19821068548387
689,,,,,,,,,,,,,,17499.546220653552,3065.536365799492,49.86962394907995
690,,,,,,,,,,,,,,16515.17351772616,3190.129497201635,48.28051578736247
691,,,,,,,,,,,,,,17327.16829272808,3041.83071566758,43.922232532953196
692,,,,,,,,,,,,,,17295.63688009511,3046.865425441576,43.9462550951087
693,,,,,,,,,,,,,,14981.064949483083,2431.0125026157925,27.24080709586466
694,,,,,,,,,,,,,,17092.57191467285,3185.933864593506,48.45807647705078
695,,,,,,,,,,,,,,16760.062094806235,3087.6661544835374,47.72319233500874
696,,,,,,,,,,,,,,13967.329774305555,2958.579415328414,75.1654079861111
697,,,,,,,,,,,,,,17378.796403556036,2585.379022580329,33.68287893074059
698,,,,,,,,,,,,,,16770.06920668658,2616.3880316790414,37.23942476160386
699,,,,,,,,,,,,,,18156.147468474366,1829.1262928417,20.906084458120866
700,,,,,,,,,,,,,,18368.71480941378,1899.8214668029343,22.038336389930198
701,,,,,,,,,,,,,,15659.114086039292,2886.868889327158,63.42028132634365
702,,,,,,,,,,,,,,15104.686326814179,2974.5986213428064,65.43554359794463
703,,,,,,,,,,,,,,16042.061240748355,2765.63345568919,60.10184518914474
704,,,,,,,,,,,,,,17574.756255106207,2941.059871897978,63.962565104166664
705,,,,,,,,,,,,,,16171.87004109172,2911.0689935064934,65.6411180372362
706,,,,,,,,,,,,,,15262.576579938615,2944.4510245186943,66.73643450055803
707,,,,,,,,,,,,,,15657.005575644003,2863.092672811972,66.92420258393159
708,,,,,,,,,,,,,,15222.496337890625,2807.627500032124,67.24828298468339
709,,,,,,,,,,,,,,15214.092880380944,2703.875828108114,70.32999369596541
710,,,,,,,,,,,,,,13211.657706425107,2046.7820315306215,52.41927363954741
711,,,,,,,,,,,,,,13646.668585526315,2926.2168923284776,80.05054995888158
712,,,,,,,,,,,,,,13038.744815868959,2971.67795038046,76.87918215613382
713,,,,,,,,,,,,,,14713.228120269247,3058.7644566730646,72.57730556606833
714,,,,,,,,,,,,,,14911.212059868707,2996.2547285291885,74.12312316894531
715,,,,,,,,,,,,,,13989.887715107685,2974.456982586835,71.18500745618665
716,,,,,,,,,,,,,,16332.185199901503,2777.2460140020594,56.75150961452364
717,,,,,,,,,,,,,,16694.092445913462,2911.341358173077,62.63841346153846
718,,,,,,,,,,,,,,17586.719904641544,3046.642338292739,63.263275505514706
719,,,,,,,,,,,,,,17586.572384356004,2894.421354809793,61.21678203362462
720,,,,,,,,,,,,,,15924.304165599386,2903.3948450307375,66.88325275358606
721,,,,,,,,,,,,,,14267.276325334822,2923.4510140555244,76.12286028180803
722,,,,,,,,,,,,,,10464.614208633093,1939.0837108145515,76.62687759948291
723,,,,,,,,,,,,,,10744.183283025568,2162.3185845577354,81.25000554865056
724,,,,,,,,,,,,,,11874.618977864584,2662.96798117119,79.2879702919408
725,,,,,,,,,,,,,,11666.939245713496,2150.69057039244,63.736109910813056
726,,,,,,,,,,,,,,13123.38121406987,2637.3182994914505,80.5399492371757
727,,,,,,,,,,,,,,14938.472835221613,2823.3091870798057,76.30055948082669
728,,,,,,,,,,,,,,13522.835153174212,2696.787921575111,79.5963394285187
729,,,,,,,,,,,,,,13577.189750178231,2872.2021558638307,80.43133985860266
730,,,,,,,,,,,,,,14368.374336091898,2977.9842514822135,77.1483467916255
731,,,,,,,,,,,,,,11679.91320453473,1756.2844312440104,46.63530674265392
732,,,,,,,,,,,,,,15210.566959891732,2875.398435097041,73.6414900652067
733,,,,,,,,,,,,,,17847.57981004902,2962.1222886029414,72.96362591911765
734,,,,,,,,,,,,,,17221.600608216493,3046.339533700689,72.29092465244771
735,,,,,,,,,,,,,,17600.04496754159,3066.013846637534,69.69897285296763
736,,,,,,,,,,,,,,17145.231080214664,2495.1370736443887,52.81942498575228
737,,,,,,,,,,,,,,16892.395644321237,2595.291918464032,55.48901629704301
738,,,,,,,,,,,,,,17808.304782144824,3230.52830310435,69.23453632640418
739,,,,,,,,,,,,,,17472.21020727759,3163.4072320611626,68.89191828547297
740,,,,,,,,,,,,,,16853.312225731384,3123.9313341505986,71.73299326795212
741,,,,,,,,,,,,,,17575.415548121677,3159.6742428177636,72.76822224069149
742,,,,,,,,,,,,,,16121.397850147192,3050.5613491777062,74.73364788552989
743,,,,,,,,,,,,,,14986.77852147706,3046.931617765391,80.71693403265449
744,,,,,,,,,,,,,,8658.15788948449,2276.0334062785128,66.62865319913321
745,,,,,,,,,,,,,,12446.141569438734,2907.334518432617,70.66078346653988
746,,,,,,,,,,,,,,15169.500958194554,2986.483104550353,64.53883443132837
747,,,,,,,,,,,,,,14684.162576814977,3003.91730927258,63.85022568121189
748,,,,,,,,,,,,,,14404.166611593655,2939.1380950835537,60.900130995090635
749,,,,,,,,,,,,,,13745.084437228903,2827.278340336652,62.202140735902994
750,,,,,,,,,,,,,,14053.959855718645,2995.79726710464,69.44570707070707
751,,,,,,,,,,,,,,11399.141625216263,2576.755785034602,71.61980461991782
752,,,,,,,,,,,,,,10298.538539547892,2481.112002762112,69.36502779447116
753,,,,,,,,,,,,,,11165.680023300438,2477.9825512266993,73.50696957236842
754,,,,,,,,,,,,,,11839.286471756874,2543.2781441285438,68.79393524484536
755,,,,,,,,,,,,,,9065.843732806998,2564.962281133088,70.71082402618838
756,,,,,,,,,,,,,,12899.837671796613,2916.5788378253033,69.23927414297658
757,,,,,,,,,,,,,,11994.655815609323,2652.848320083873,67.00123295098244
758,,,,,,,,,,,,,,12372.177711664244,2748.551094333991,68.2078601925872
759,,,,,,,,,,,,,,12549.331213301155,2650.6281046290305,65.640236241043
760,,,,,,,,,,,,,,10396.807380922379,2551.183865454889,66.44454227570564
761,,,,,,,,,,,,,,11874.443315707571,2626.620803957063,69.41727801067073
762,,,,,,,,,,,,,,10853.35771539238,2487.988822336947,56.39428093728055
763,,,,,,,,,,,,,,14487.788051184387,3066.945574017182,75.1575984208185
764,,,,,,,,,,,,,,13751.170421006944,2969.1065863715276,75.84314778645833
765,,,,,,,,,,,,,,15836.914039089255,3209.9958838893945,71.35217786815069
766,,,,,,,,,,,,,,12321.237935697116,2870.322182053786,81.89362229567308
767,,,,,,,,,,,,,,16978.755165501643,2961.511199951172,71.03786749588816
768,,,,,,,,,,,,,,14363.043221083264,3032.592487514419,74.78024394400168
769,,,,,,,,,,,,,,15662.794606558582,2772.0854981999414,66.8922689312304
770,,,,,,,,,,,,,,16124.856562768471,2908.8495548418705,63.05449873147552
771,,,,,,,,,,,,,,16898.780327690973,3170.064434136285,73.58517252604166
772,,,,,,,,,,,,,,16916.72646722561,3060.2004327541445,63.21502387814405
773,,,,,,,,,,,,,,17577.665505990342,2977.9236722451255,63.08282132607507
774,,,,,,,,,,,,,,14944.300450018274,2235.3297922234788,50.92129248903509
775,,,,,,,,,,,,,,17294.098921563538,3130.317376323713,70.51891157080564
776,,,,,,,,,,,,,,17837.791983646137,2842.29541086803,58.550987666271865
777,,,,,,,,,,,,,,18329.19979417493,3041.7084379979638,60.04338510313385
778,,,,,,,,,,,,,,18267.927064732143,3102.505171906002,63.63293805803571
779,,,,,,,,,,,,,,18375.392727953767,3043.6559550246147,59.60676771190069
780,,,,,,,,,,,,,,14435.191933335058,3044.8675456268106,69.28882644350166
781,,,,,,,,,,,,,,15778.780718690134,3241.3517439685106,73.7741278286638
782,,,,,,,,,,,,,,14820.598739996189,3055.6528677591464,72.51841177591463
783,,,,,,,,,,,,,,14362.671342558948,2514.769779175751,51.931046360222865
784,,,,,,,,,,,,,,15913.122789120585,2966.272734120876,64.05571670248607
785,,,,,,,,,,,,,,15456.541770418327,2991.4960704058767,72.65061823020419
786,,,,,,,,,,,,,,15779.391636060633,2829.31229898204,56.63133306088655
787,,,,,,,,,,,,,,15381.541547573679,2780.246789782351,52.847981770833336
788,,,,,,,,,,,,,,16571.02676358787,2963.8772523941534,56.62996944304435
789,,,,,,,,,,,,,,9387.26238696907,1555.0332141345061,32.30542672072785
790,,,,,,,,,,,,,,16328.167745299259,2945.099330751236,57.76548844676907
791,,,,,,,,,,,,,,15301.328957565349,3005.6204902710288,56.67617527856903
792,,,,,,,,,,,,,,16997.77819133255,3007.145230768826,56.7409871967655
793,,,,,,,,,,,,,,17862.38704512076,3026.546731575351,52.31217490412859
794,,,,,,,,,,,,,,18398.86799268802,3007.687104206563,54.35388421613858
795,,,,,,,,,,,,,,18112.9245919169,3012.417389768462,55.62038724249302
796,,,,,,,,,,,,,,17996.298329061516,2955.6145874408517,56.83948177494085
797,,,,,,,,,,,,,,12967.553773115636,2666.8203893082864,70.58851606390449
798,,,,,,,,,,,,,,9030.997721354166,1544.8833656311035,72.53839111328125
799,,,,,,,,,,,,,,7678.1960139744715,1238.3038716920664,73.90166634573063
800,,,,,,,,,,,,,,7825.93742514155,1162.52366037402,74.71177285224303
801,,,,,,,,,,,,,,8300.38056640625,1344.5729723478619,73.57271792763157
802,,,,,,,,,,,,,,8927.747608881853,1494.0762537959406,71.72025864306478
803,,,,,,,,,,,,,,9247.757488105537,1929.2464861490323,74.86227427551903
804,,,,,,,,,,,,,,10275.254742677971,1929.3721557069787,73.89251900574551
805,,,,,,,,,,,,,,9823.315621798156,1882.18272244813,75.138720703125
806,,,,,,,,,,,,,,12460.433363583754,2396.44391177399,72.97941327335859
807,,,,,,,,,,,,,,11552.773415472275,2261.3313038761453,74.65444556214756
808,,,,,,,,,,,,,,10117.869319175607,1989.5946987778393,73.60371421700093
809,,,,,,,,,,,,,,10827.042512487193,2090.6692755026897,73.13996662077356
810,,,,,,,,,,,,,,9367.993943768528,1824.8747785364687,82.95249197134387
811,,,,,,,,,,,,,,11462.426810195162,2416.4470663838,83.76362136314656
812,,,,,,,,,,,,,,12009.026925223214,2360.871116669324,85.20212850765306
813,,,,,,,,,,,,,,12013.97029296875,2999.85525390625,84.53441015625
814,,,,,,,,,,,,,,13119.696235023468,2961.192343248209,81.20078202198617
815,,,,,,,,,,,,,,14046.246911427332,2875.480414496528,85.00087193080357
816,,,,,,,,,,,,,,12909.132471478175,3137.7096208844864,84.7296142578125
817,,,,,,,,,,,,,,15302.308094454887,3045.1465054849036,77.55143290354793
818,,,,,,,,,,,,,,14774.297555301966,3049.507844503453,78.88363544592697
819,,,,,,,,,,,,,,16249.34519361413,3068.7877789925838,79.27514117697011
820,,,,,,,,,,,,,,16458.05710187961,3170.9925118196493,75.82361515509686
821,,,,,,,,,,,,,,12617.36636037589,2649.4652373290146,77.24070527969306
822,,,,,,,,,,,,,,14192.260155828159,1729.640575170002,43.33764279326404
823,,,,,,,,,,,,,,13932.99811150046,3001.7337547751035,73.3723970301011
824,,,,,,,,,,,,,,13524.814254981884,3053.160342009171,75.93190068783967
825,,,,,,,,,,,,,,13696.339483004898,2968.5384330180154,73.66537430037313
826,,,,,,,,,,,,,,14541.556528727213,3067.3972896999785,70.90006510416667
827,,,,,,,,,,,,,,15430.354241622123,2877.2772714715256,70.29447374845806
828,,,,,,,,,,,,,,12724.81180859375,2846.8204423828124,88.926451171875
829,,,,,,,,,,,,,,11195.067840576172,2803.0236107962473,95.28641836983817
830,,,,,,,,,,,,,,11802.568642893146,2872.314154980919,90.53647033410138
831,,,,,,,,,,,,,,10801.706412067819,2487.1897263547207,95.18432513297873
832,,,,,,,,,,,,,,11166.051336010856,2722.6668512048855,96.02015019806338
833,,,,,,,,,,,,,,12042.158701975108,2781.8619664840367,89.6786919135552
834,,,,,,,,,,,,,,11685.780362991267,2965.5276220063456,94.01473372680131
835,,,,,,,,,,,,,,14479.961286490987,2993.556327604575,70.00261896306819
836,,,,,,,,,,,,,,15158.75308404738,2896.0874645602316,69.92966072328629
837,,,,,,,,,,,,,,16245.54306640625,2459.0637479894303,54.56706255744486
838,,,,,,,,,,,,,,15928.189016241777,2763.4126345985815,68.2056884765625
839,,,,,,,,,,,,,,16471.300172589163,2826.6809366072976,66.97953005972991
840,,,,,,,,,,,,,,17903.67252396166,3259.8804522139576,64.04665191942891
841,,,,,,,,,,,,,,15911.007903562098,3182.867107428155,64.97242859475482
842,,,,,,,,,,,,,,16160.53263244629,3183.9057907104493,65.57399139404296
843,,,,,,,,,,,,,,17611.016340699913,3016.958894076413,65.919298145869
844,,,,,,,,,,,,,,13817.426832711099,2595.4076308979047,62.48403795630531
845,,,,,,,,,,,,,,15917.914233576643,2840.340492415602,74.69983533873175
846,,,,,,,,,,,,,,15904.433829471982,2672.3338110912805,68.22077047413794
847,,,,,,,,,,,,,,17532.002935398392,2741.0797940081325,61.32666872258772
848,,,,,,,,,,,,,,15695.580327943315,2180.402458723201,49.80932390079942
849,,,,,,,,,,,,,,12194.411131247496,1257.2269793779421,27.306537334735577
850,,,,,,,,,,,,,,16356.686436483305,2875.6887056533606,66.85562426423374
851,,,,,,,,,,,,,,17420.6749288268,3408.3500552419887,76.95530571371822
852,,,,,,,,,,,,,,17640.348235944635,3206.9030527611303,75.98211419092466
853,,,,,,,,,,,,,,17751.943257027837,3280.9916746980757,75.47084172011463
854,,,,,,,,,,,,,,17942.45617626757,3264.51043725684,73.63260071536145
855,,,,,,,,,,,,,,17077.03459087171,3268.5901135896383,75.98734620129049
856,,,,,,,,,,,,,,13977.454926528655,3077.903147563177,71.29185645588899
857,,,,,,,,,,,,,,14198.728974983667,2969.4563779398954,70.25980135289635
858,,,,,,,,,,,,,,13630.748490053966,3097.961694433986,72.2069665380271
859,,,,,,,,,,,,,,14803.89029690588,3105.8568332355485,69.16121966094367
860,,,,,,,,,,,,,,14303.32640408693,3089.783480665971,64.64119280588355
861,,,,,,,,,,,,,,15918.896820262738,3091.0990441194767,65.29622188495223
862,,,,,,,,,,,,,,13855.898728210803,2683.897265483878,54.98449777592124
863,,,,,,,,,,,,,,13971.790041893117,3118.35880321558,63.01745923913043
864,,,,,,,,,,,,,,16156.37333321277,3054.5436582212096,61.35154893663194
865,,,,,,,,,,,,,,15993.806230817523,3163.7992357526505,64.17393711635044
866,,,,,,,,,,,,,,17255.423934761136,3112.2220634372757,57.29156283674569
867,,,,,,,,,,,,,,16592.69467717951,3024.9580078125,56.06113503196023
868,,,,,,,,,,,,,,16352.256525079767,3135.92589782165,59.45840371621622
869,,,,,,,,,,,,,,15714.436883693788,2964.8397142363756,59.601848323170735
870,,,,,,,,,,,,,,14819.238330078126,3095.355061609605,59.23944450827206
871,,,,,,,,,,,,,,15327.556083865282,2964.6728835687404,60.616868926257624
872,,,,,,,,,,,,,,14331.410651220034,2902.119931573737,67.70504300888271
873,,,,,,,,,,,,,,12519.993901753596,2941.518153348415,74.27529753540917
874,,,,,,,,,,,,,,12223.092654616206,2746.3809754114186,74.97784354206274
875,,,,,,,,,,,,,,13567.561125578704,2820.7564775357746,66.9884736032197
876,,,,,,,,,,,,,,11159.460203394396,2173.2055895575163,72.17880185883621
877,,,,,,,,,,,,,,11368.599745901007,2121.6756177199513,59.19040398848684
878,,,,,,,,,,,,,,16836.40607140686,3058.9580847595453,72.22852702456225
879,,,,,,,,,,,,,,15981.28545673077,3097.91359769381,73.51937537560096
880,,,,,,,,,,,,,,18141.234616126545,3241.6949832115642,60.9977710865162
881,,,,,,,,,,,,,,18117.372171735904,3315.271011307261,62.19414033521884
882,,,,,,,,,,,,,,2944.067465389476,180.62693922983576,45.13729596030119
883,,,,,,,,,,,,,,17508.27808841973,3118.3420891905307,66.56611556751672
884,,,,,,,,,,,,,,18464.19103167808,3153.635986328125,63.94094639608305
885,,,,,,,,,,,,,,18243.81965618674,3591.0162664869054,69.05144744749494
886,,,,,,,,,,,,,,17580.557570278383,3690.7401800030702,73.1070572632369
887,,,,,,,,,,,,,,16952.82409047272,3192.207541255628,67.83210366459217
888,,,,,,,,,,,,,,7696.8425384750935,1252.9060205445253,72.48682925575658
889,,,,,,,,,,,,,,8727.428199165055,1470.9015861589885,69.01365173969072
890,,,,,,,,,,,,,,6960.617439460076,930.2658665341414,70.79099824844306
891,,,,,,,,,,,,,,8038.06085065303,1626.6867177249821,77.19960266579199
892,,,,,,,,,,,,,,9468.263237434649,2301.1089368464827,76.48267808341255
893,,,,,,,,,,,,,,14209.832506535171,2804.5569673835553,74.11019932271863
894,,,,,,,,,,,,,,17009.19104857896,3107.409022955247,74.0216652199074
895,,,,,,,,,,,,,,16160.177582393419,2793.199223600476,66.95616463162251
896,,,,,,,,,,,,,,12906.078886572994,2837.016132411672,74.49221300722948
897,,,,,,,,,,,,,,10867.814047955451,2897.8329948262967,71.72446392952128
898,,,,,,,,,,,,,,15335.414186507936,3150.22220672123,60.58827659970238
899,,,,,,,,,,,,,,12459.259109972556,2586.144185095941,51.742393601717424
900,,,,,,,,,,,,,,8534.528490519268,1700.3830476792994,30.768437290629784
901,,,,,,,,,,,,,,13162.43453125,2769.3769283854167,56.57673046875
902,,,,,,,,,,,,,,14656.506872106482,2940.6883079892114,55.830206008184526
903,,,,,,,,,,,,,,17035.63285035126,2997.052845405362,52.64604151526163
904,,,,,,,,,,,,,,14547.092582122625,2957.6068479303726,59.125089946546055
905,,,,,,,,,,,,,,11880.331952988894,2992.452332180967,71.18937486389373
906,,,,,,,,,,,,,,12873.794389501463,3125.964446102895,68.87058423913044
907,,,,,,,,,,,,,,13978.582261782787,3048.8875592341187,67.02776319159837
908,,,,,,,,,,,,,,13757.074448529413,3017.052433687098,71.75523107192096
909,,,,,,,,,,,,,,11004.193328249503,2956.514317729084,80.45550415525399
910,,,,,,,,,,,,,,9504.016786370144,1640.5153198242188,37.096050368837155
911,,,,,,,,,,,,,,10816.351792666246,1512.7938803727377,31.847986702967173
912,,,,,,,,,,,,,,8837.479429102068,1556.4755834140826,46.56981664849806
913,,,,,,,,,,,,,,16654.756047011462,2212.070177636292,44.263311527701966
914,,,,,,,,,,,,,,16947.498779882346,2449.182533465415,49.860544767311154
915,,,,,,,,,,,,,,16993.11364892461,2382.4848100035597,48.456736173561154
916,,,,,,,,,,,,,,16831.22943878174,2586.9314168294272,53.95313262939453
917,,,,,,,,,,,,,,16246.828738930171,3152.187329022038,67.07949918566776
918,,,,,,,,,,,,,,15718.187704708978,3227.331084051493,73.50288438305412
919,,,,,,,,,,,,,,16286.846986884313,3212.8034312267177,67.71552605028974
920,,,,,,,,,,,,,,14967.69777128843,3186.678791527609,68.37929023816747
921,,,,,,,,,,,,,,11985.106318721066,3022.250670030382,78.092919921875
922,,,,,,,,,,,,,,11748.643838443397,2699.048810620578,76.67510134139151
923,,,,,,,,,,,,,,11023.73852618587,1883.7866323266044,48.62190490126221
924,,,,,,,,,,,,,,13729.02500071543,2977.2306154132325,75.31648673592034
925,,,,,,,,,,,,,,15052.044947076613,3096.3566634639615,71.4659415952621
926,,,,,,,,,,,,,,16318.202599158654,2721.5866389347957,62.50780686598558
927,,,,,,,,,,,,,,17795.892240408863,2896.137738934168,55.82052638688761
928,,,,,,,,,,,,,,18107.740127354453,3018.695797436858,54.95844525898973
929,,,,,,,,,,,,,,18352.04297383626,2806.816016515096,49.46876525878906
930,,,,,,,,,,,,,,18213.902328687338,3017.8552177056554,51.49111805109254
931,,,,,,,,,,,,,,17508.57020452626,2988.2026439169995,47.08486496084152
932,,,,,,,,,,,,,,17697.95907672942,3210.8613734470773,45.97385429208625
933,,,,,,,,,,,,,,17328.029195099254,3051.4827605216733,46.88748933777916
934,,,,,,,,,,,,,,17094.94089374592,3049.8831752050014,52.14239071679177
935,,,,,,,,,,,,,,17416.757176254734,3139.287151298138,52.04531767874053
936,,,,,,,,,,,,,,16789.313732878116,3102.714523355479,51.08504552165354
937,,,,,,,,,,,,,,16885.951509542134,2904.6663611872277,51.06009867653918
938,,,,,,,,,,,,,,16203.695155931555,2911.4227666440215,58.87216584578805
939,,,,,,,,,,,,,,16658.14827615489,3046.319390426857,55.41539996603261
940,,,,,,,,,,,,,,16771.761637150437,2894.708692195923,51.953885718497304
941,,,,,,,,,,,,,,16526.961352237653,2939.792030767747,52.279716435185186
942,,,,,,,,,,,,,,15171.699782307942,2473.6667902628583,41.06095581054687
943,,,,,,,,,,,,,,15190.101714357805,2700.5732468600477,48.847156287380386
944,,,,,,,,,,,,,,8912.924358499462,1702.1593906797211,77.8116349845097
945,,,,,,,,,,,,,,8148.310688945533,1758.676504016596,57.50074069782839
946,,,,,,,,,,,,,,9193.185737941576,1684.177003611689,51.68538765285326
947,,,,,,,,,,,,,,7766.543744255515,1440.865867614746,59.7095947265625
948,,,,,,,,,,,,,,15048.703149598552,2752.429095904833,67.35933256749843
949,,,,,,,,,,,,,,14892.136247731218,2511.649979408341,60.39705588600852
950,,,,,,,,,,,,,,15645.303832690746,2500.843824827516,57.86469536323052
951,,,,,,,,,,,,,,15104.190038537467,2611.2899819650956,61.13448210685484
952,,,,,,,,,,,,,,17004.015125210437,3321.6047618108164,67.84213226010101
953,,,,,,,,,,,,,,16948.364075741527,3334.2441040728727,65.54161976959746
954,,,,,,,,,,,,,,16727.04706010008,3537.1143934461807,71.55708582261029
955,,,,,,,,,,,,,,16306.871203694123,3403.574448339197,73.01227008743791
956,,,,,,,,,,,,,,17167.46726766083,3428.955343737276,69.19821673961727
957,,,,,,,,,,,,,,17472.208629261364,3102.5287236419963,59.541600337970216
958,,,,,,,,,,,,,,16802.53188189338,3148.8472134459253,65.26315487132354
959,,,,,,,,,,,,,,16600.02800748607,3441.4889103031423,72.71129793044916
960,,,,,,,,,,,,,,16832.88256157769,3470.231497022841,73.53367614746094
961,,,,,,,,,,,,,,15905.531491837412,2453.8603268029556,45.667654361364974
962,,,,,,,,,,,,,,15846.819568552173,2346.811946230385,46.815400348712444
963,,,,,,,,,,,,,,16337.53609175582,2871.508736275338,57.432331257038285
964,,,,,,,,,,,,,,14366.753108326982,2462.631621735529,50.153137703252035
965,,,,,,,,,,,,,,15980.764968304125,2484.224602105304,50.24393343866315
966,,,,,,,,,,,,,,10746.122742132093,2158.656733519642,66.7987034574468
967,,,,,,,,,,,,,,10969.260442971381,2124.9617619883734,68.55114622790404
968,,,,,,,,,,,,,,8063.256467706487,1153.2464886748762,38.17591630651596
969,,,,,,,,,,,,,,10027.805141022245,2098.935964810646,68.92247748940677
970,,,,,,,,,,,,,,10368.574010970744,2198.4032999674478,72.22092129321808
971,,,,,,,,,,,,,,12503.364730834961,2078.6124732971193,63.23819274902344
972,,,,,,,,,,,,,,12751.02552614796,2546.2489845742984,75.07321827168367
973,,,,,,,,,,,,,,15653.677481312292,2855.564914640002,64.63685339233804
974,,,,,,,,,,,,,,15709.360114626024,2689.4441102074793,63.431326844262294
975,,,,,,,,,,,,,,14482.2462914963,2401.780368888118,62.368072794976634
976,,,,,,,,,,,,,,16241.642016512134,2706.3963654346953,72.4979020003434
977,,,,,,,,,,,,,,17482.940122301534,2353.631928425313,60.14846742252786
978,,,,,,,,,,,,,,10239.002093121722,2681.8098494523056,71.94321937827797
979,,,,,,,,,,,,,,10297.109612165179,1911.2090785435269,72.29581473214286
980,,,,,,,,,,,,,,14995.05494535639,2988.98788829332,60.82883410507374
981,,,,,,,,,,,,,,14532.260879363503,3080.9257494055705,66.56992220160953
982,,,,,,,,,,,,,,14586.888607181585,2951.806022186761,62.407315901025235
983,,,,,,,,,,,,,,12379.603603265225,2757.7294405423677,68.18105844350961
984,,,,,,,,,,,,,,12198.137383850706,3037.4400387380606,71.46388178727159
985,,,,,,,,,,,,,,13222.979029605263,2768.638638145045,68.27813078227796
986,,,,,,,,,,,,,,13782.806281195746,3170.1704415215386,74.08111572265625
987,,,,,,,,,,,,,,15588.69030247996,2864.5081412825652,43.34386057270792
988,,,,,,,,,,,,,,17763.952629841548,3048.6613511636224,45.002919371698944
989,,,,,,,,,,,,,,16040.216971919222,2983.063036648732,58.328256283166276
990,,,,,,,,,,,,,,17757.951858557633,3073.927216392944,47.70220189895073
991,,,,,,,,,,,,,,17073.025804781628,3113.837867681664,56.90399096385542
992,,,,,,,,,,,,,,17908.543347167968,3044.059622955322,59.155705261230466
993,,,,,,,,,,,,,,18543.946899056085,2682.2284275625457,57.49446423662023
994,,,,,,,,,,,,,,18707.300210422636,2766.9282107640133,58.09080492254656
995,,,,,,,,,,,,,,18272.031382042253,2544.2462233852334,55.469329060299295
996,,,,,,,,,,,,,,18694.941716452206,3033.481117876838,63.289229090073526
997,,,,,,,,,,,,,,17573.00270989138,2774.7505105390846,57.54934561965812
998,,,,,,,,,,,,,,18566.59780259366,2771.2709897615723,59.477266075288185
999,,,,,,,,,,,,,,17579.548307879515,2861.2979204509384,59.541153401876414
1000,,,,,,,,,,,,,,13943.269705506505,2788.2888138214453,78.08814656424256
1001,,,,,,,,,,,,,,16174.212647353203,3126.850982122998,77.00922347642349
1002,,,,,,,,,,,,,,15229.043467942563,2795.391551097678,65.76401694526885
1003,,,,,,,,,,,,,,15746.813841330526,2825.520093696901,60.6962267287234
1004,,,,,,,,,,,,,,15591.345131181854,3118.5853587117895,63.42244085864486
1005,,,,,,,,,,,,,,15157.628464324565,3007.5462345171577,66.9691053945807
1006,,,,,,,,,,,,,,12840.91955896326,2714.0493955869933,69.27808277027027
1007,,,,,,,,,,,,,,15856.37584593949,3004.067175215217,65.1206552298965
1008,,,,,,,,,,,,,,15925.700394241898,2461.8708859667368,54.046341507523145
1009,,,,,,,,,,,,,,15263.19017448824,3025.366566515135,63.9601463822953
1010,,,,,,,,,,,,,,16140.29474914966,3107.4375954971833,68.4444804288903
1011,,,,,,,,,,,,,,16026.928824869792,3116.7653466796874,66.0943017578125
1012,,,,,,,,,,,,,,15058.479648837458,3077.4354452191765,66.80420421821673
1013,,,,,,,,,,,,,,13359.665306012112,2542.755462329693,69.7048736889057
1014,,,,,,,,,,,,,,14498.530099529109,2245.050311780956,67.71642063088613
1015,,,,,,,,,,,,,,13340.02315947509,2335.0561375736766,70.86942212522241
1016,,,,,,,,,,,,,,12546.603998579545,2390.708407315341,74.30786931818182
1017,,,,,,,,,,,,,,13733.564990054198,2381.2555981175046,75.03443193611623
1018,,,,,,,,,,,,,,11473.96359375,2049.0985786576703,75.10963423295455
1019,,,,,,,,,,,,,,10125.405774626486,1399.8292763009892,49.782599780494714
1020,,,,,,,,,,,,,,14391.916844836354,2306.3430807802097,63.79421401164941
1021,,,,,,,,,,,,,,11704.026370845037,2347.1889049515744,77.32291300912921
1022,,,,,,,,,,,,,,13241.446435914004,2437.5402510793588,74.70832537887688
1023,,,,,,,,,,,,,,14309.133827172256,2443.2422702696267,80.75702172256098
1024,,,,,,,,,,,,,,10552.251696134868,2506.451416015625,82.75178351151315
1025,,,,,,,,,,,,,,17411.091188363695,3216.2249896945664,87.35233540750629
1026,,,,,,,,,,,,,,17551.279344319333,3123.1588673456476,79.19202698001013
1027,,,,,,,,,,,,,,18067.18993663477,2879.258649099145,67.85514110850977
1028,,,,,,,,,,,,,,17684.33967100068,3245.534115347191,74.19717572484205
1029,,,,,,,,,,,,,,15645.350978070705,3047.565800140263,74.85890557130791
1030,,,,,,,,,,,,,,14676.723232818265,3113.2974461629383,77.26777271678966
1031,,,,,,,,,,,,,,17604.48292198313,3066.5194695812606,62.60585058931661
1032,,,,,,,,,,,,,,17773.938622137033,3076.983041324971,63.543825516789596
1033,,,,,,,,,,,,,,18159.785106646825,3114.350900607639,64.4099609375
1034,,,,,,,,,,,,,,7071.382880675118,812.8472280826209,67.55610627948113
1035,,,,,,,,,,,,,,6437.969518752325,871.7895291646322,61.877184186662944
1036,,,,,,,,,,,,,,16961.553596565314,2254.09239161036,39.01215292440878
1037,,,,,,,,,,,,,,18111.73671644316,2060.049943338229,31.864203986220474
1038,,,,,,,,,,,,,,13009.218662639776,2146.2546972207747,53.39215536391773
1039,,,,,,,,,,,,,,14706.816341949589,2561.6761047614455,68.23276548032408
1040,,,,,,,,,,,,,,14943.065101081162,2877.3842507312647,75.93186278139811
1041,,,,,,,,,,,,,,19350.611434598595,1812.7895462062127,19.579016716354346
1042,,,,,,,,,,,,,,17673.705609655808,1636.721442911836,18.680471633303917
1043,,,,,,,,,,,,,,18728.387491918103,1822.187828832166,23.17087823275862
1044,,,,,,,,,,,,,,17969.816439229595,2477.6174091961775,37.69147404139306
1045,,,,,,,,,,,,,,15927.440004701968,2656.251340512876,54.75748245804398
1046,,,,,,,,,,,,,,15672.39662045338,2547.06787843131,52.702756787909834
1047,,,,,,,,,,,,,,17170.427794625644,2612.740550063263,49.77379021730398
1048,,,,,,,,,,,,,,17366.45563259271,2615.2865717661043,48.84524106857417
1049,,,,,,,,,,,,,,17489.879764660494,2652.4403428819446,48.052405237268516
1050,,,,,,,,,,,,,,17268.649210511012,2544.9412856942076,50.249527469758064
1051,,,,,,,,,,,,,,16911.03712982657,2505.953066840846,51.34096730816427
1052,,,,,,,,,,,,,,16780.86262439546,2715.382110595703,52.536036900111604
1053,,,,,,,,,,,,,,17549.82371875,2598.9827936197917,52.3964140625
1054,,,,,,,,,,,,,,16603.567444021544,2810.9316399294426,55.40416750133547
1055,,,,,,,,,,,,,,14099.384597355769,2582.175059344952,60.779643930288465
1056,,,,,,,,,,,,,,14417.086810356748,2514.878493587528,63.716585142422566
1057,,,,,,,,,,,,,,10788.830347177935,2147.7733374355603,72.80164819834184
1058,,,,,,,,,,,,,,11029.506672038899,2108.6864248422476,71.34574239237325
1059,,,,,,,,,,,,,,12634.312787642046,2516.3632253196024,73.842890625
1060,,,,,,,,,,,,,,13876.832497044614,2714.91614492316,71.16475958573191
1061,,,,,,,,,,,,,,13631.477488022649,2708.4101417887086,72.07663633765245
1062,,,,,,,,,,,,,,13112.093059973802,2422.54996696061,66.61121701908682
1063,,,,,,,,,,,,,,13241.064034090909,2242.2542613636365,60.65379438920454
1064,,,,,,,,,,,,,,10007.33606270032,1880.7227931878506,57.18852820763221
1065,,,,,,,,,,,,,,12217.294681433475,2453.0820747144294,71.60791570490056
1066,,,,,,,,,,,,,,12187.273552172112,2171.46174251672,70.12964422052556
1067,,,,,,,,,,,,,,9638.745107256356,1903.872209348517,70.38365168167373
1068,,,,,,,,,,,,,,12011.897251674107,2916.3277727399554,75.14634835379464
1069,,,,,,,,,,,,,,11234.731174045139,2126.539102947901,55.917672293526785
1070,,,,,,,,,,,,,,17129.011334635416,2859.136678059896,67.531220703125
1071,,,,,,,,,,,,,,17090.462074638213,3196.558573268404,73.88872430788591
1072,,,,,,,,,,,,,,17573.05653916396,3268.244242086039,74.09556361607143
1073,,,,,,,,,,,,,,15486.74370690813,2574.0142734822707,61.73610427113181
1074,,,,,,,,,,,,,,17065.58479764344,3003.6058537717727,68.06878201844262
1075,,,,,,,,,,,,,,15657.241089686451,3098.782413354656,70.63321721633808
1076,,,,,,,,,,,,,,16227.474299250422,2938.043755608636,73.49037953969595
1077,,,,,,,,,,,,,,14499.621737865691,3049.5494384765625,74.02707363696808
1078,,,,,,,,,,,,,,13674.15714900158,3076.8818650228454,74.81402830268502
1079,,,,,,,,,,,,,,15284.389104352678,2738.826179722377,76.04403076171874
1080,,,,,,,,,,,,,,14545.854781657166,2907.999248492213,71.89141070337948
1081,,,,,,,,,,,,,,15361.549654703498,2953.6553959244347,71.30432920488481
1082,,,,,,,,,,,,,,14588.700661629542,2790.2723240835858,71.39096966911765
1083,,,,,,,,,,,,,,15599.009049479168,2946.057256991621,84.70821586277174
1084,,,,,,,,,,,,,,15812.994843423117,2932.0752852052824,88.98323295305963
1085,,,,,,,,,,,,,,14971.298554535506,3116.6347618251457,79.42217518847276
1086,,,,,,,,,,,,,,16545.77878417969,3165.6695077078684,78.68597063337053
1087,,,,,,,,,,,,,,9012.71054360769,2110.90947782949,78.82995106296468
1088,,,,,,,,,,,,,,9184.365680116596,2167.3541657418914,80.9033536044034
1089,,,,,,,,,,,,,,9085.012808996302,2313.7158109941556,79.60222037511927
1090,,,,,,,,,,,,,,9474.512505634015,2292.1795931302586,78.37433518629808
1091,,,,,,,,,,,,,,9940.76033782959,2360.5372314453125,82.11818504333496
1092,,,,,,,,,,,,,,12709.298319876858,2877.8989303191797,80.59624767657992
1093,,,,,,,,,,,,,,14305.687916999315,3267.3003286097173,76.18034863994069
1094,,,,,,,,,,,,,,10798.886108398438,2962.068748474121,89.30980682373047
1095,,,,,,,,,,,,,,9390.444910725271,1982.796791136734,71.86200479822834
1096,,,,,,,,,,,,,,10701.021356534091,2461.7483709161934,85.31609286221591
1097,,,,,,,,,,,,,,9304.814888031377,2153.555815291308,85.90924294660931
1098,,,,,,,,,,,,,,7977.49535472973,1683.2104347258462,82.95463886040058
1099,,,,,,,,,,,,,,5277.304954364931,1499.4642488393124,51.08806193130967
1100,,,,,,,,,,,,,,6308.141184667397,925.0600646615726,61.58460543448465
1101,,,,,,,,,,,,,,8104.944503484988,1004.2719995835248,68.05166207107843
1102,,,,,,,,,,,,,,6858.654602050781,1409.6467924118042,81.1233959197998
1103,,,,,,,,,,,,,,11333.186892267971,2180.9132195337647,47.89660592140558
1104,,,,,,,,,,,,,,15850.474492865374,2513.7689089826804,54.7962776233731
1105,,,,,,,,,,,,,,16746.167784202757,2675.3244045788224,54.27371047613189
1106,,,,,,,,,,,,,,9262.214443009214,1434.0410564772162,72.5539852309512
1107,,,,,,,,,,,,,,15540.961702806122,3261.8498286033164,77.1971340880102
1108,,,,,,,,,,,,,,15883.458232309626,3280.2866594453426,73.71923828125
1109,,,,,,,,,,,,,,17253.010720486112,3366.638013599537,77.84788411458334
1110,,,,,,,,,,,,,,17673.989211309523,3302.4259672619046,76.38267299107143
1111,,,,,,,,,,,,,,17238.213118616244,3271.2702551222033,76.75410764226653
1112,,,,,,,,,,,,,,17810.652842881944,3194.2027135778358,72.87884114583333
1113,,,,,,,,,,,,,,17621.68971573004,3202.4905585280985,78.96738158153886
1114,,,,,,,,,,,,,,17477.69902096519,3243.7582616363397,81.94720381724683
1115,,,,,,,,,,,,,,17727.60301503414,3314.1303803259584,75.25703699448529
1116,,,,,,,,,,,,,,17659.803814827126,3236.376494971742,75.09194855385638
1117,,,,,,,,,,,,,,16368.47292167468,3159.7831292568108,79.17149188701923
1118,,,,,,,,,,,,,,13319.026141237746,2708.02306506587,76.34431870404411
1119,,,,,,,,,,,,,,11460.369400266618,2475.205780513703,79.41877092633929
1120,,,,,,,,,,,,,,11074.428672338192,2581.2817392462325,80.05475311882411
1121,,,,,,,,,,,,,,7397.579608131437,1347.9073632629622,68.96179885007022
1122,,,,,,,,,,,,,,13079.639475504557,2933.8880496554902,83.1952616373698
1123,,,,,,,,,,,,,,13449.937199811528,2119.842891752488,56.0009366640321
1124,,,,,,,,,,,,,,15976.253393554687,3013.1470001220705,71.29043579101562
1125,,,,,,,,,,,,,,8022.9087890625,1690.730291748047,78.61715698242188
1126,,,,,,,,,,,,,,7958.159551711309,1562.079320998419,74.21718052455357
1127,,,,,,,,,,,,,,9823.942886195233,1771.885009765625,77.56788619523196
1128,,,,,,,,,,,,,,10382.48448914367,2139.011216993456,75.52362456879058
1129,,,,,,,,,,,,,,10634.113255774457,2310.465826681386,81.54169921875
1130,,,,,,,,,,,,,,11536.698908730159,2088.3986225430926,79.637451171875
1131,,,,,,,,,,,,,,8560.925277673192,1204.7259772978634,47.242474585843375
1132,,,,,,,,,,,,,,10505.941945852102,1769.420388894754,66.07960304054055
1133,,,,,,,,,,,,,,9253.674807953596,2078.709802940139,74.17625809991638
1134,,,,,,,,,,,,,,10093.784597736516,1997.3632478060788,75.04834987692637
1135,,,,,,,,,,,,,,14120.07503389721,2923.1732813307076,76.4322055785124
1136,,,,,,,,,,,,,,10231.381745899822,1932.680831151651,78.75735538563829
1137,,,,,,,,,,,,,,9591.84296875,1669.696494140625,81.05071875
1138,,,,,,,,,,,,,,10171.526692708334,1707.1978635626324,71.15981693591101
1139,,,,,,,,,,,,,,8881.306995496072,1578.3310493510928,72.85073002049181
1140,,,,,,,,,,,,,,10283.89261532738,1936.079916139633,73.67389322916667
1141,,,,,,,,,,,,,,10929.33292139104,1983.058336646156,64.71169800884955
1142,,,,,,,,,,,,,,13679.011502915535,2896.8950036090355,72.68454377547555
1143,,,,,,,,,,,,,,15745.661819458008,2918.2722749710083,70.6761302947998
1144,,,,,,,,,,,,,,15252.345161050052,3079.0757704912608,70.46684859970868
1145,,,,,,,,,,,,,,12515.822068827234,2681.2871604310244,75.14555422706749
1146,,,,,,,,,,,,,,14118.20542689732,3039.1929041353383,71.12336260573308
1147,,,,,,,,,,,,,,15356.748899919714,3142.1726653208375,75.35744503458498
1148,,,,,,,,,,,,,,13636.01341796875,3052.0326574707033,77.99148193359375
1149,,,,,,,,,,,,,,12275.331820518091,2882.250724712171,74.36765779194079
1150,,,,,,,,,,,,,,8312.816557752285,1585.0862337496912,42.26492249258893
1151,,,,,,,,,,,,,,15082.162392987462,3280.364455171688,63.55149612883608
1152,,,,,,,,,,,,,,13966.355870077055,2865.1098791671125,69.10575469552654
1153,,,,,,,,,,,,,,11386.988166781135,2788.9450093363666,72.52214972527473
1154,,,,,,,,,,,,,,8897.746586594627,1888.006211325387,70.9521917895736
1155,,,,,,,,,,,,,,10520.680199599847,2110.730304500921,67.63358064977135
1156,,,,,,,,,,,,,,8779.767517869015,1992.6652011303192,68.54766248337766
1157,,,,,,,,,,,,,,16758.282762923962,2965.3126533224495,44.32158502290755
1158,,,,,,,,,,,,,,15727.165066016454,2529.7128367170912,40.54643958996815
1159,,,,,,,,,,,,,,14260.019908854167,2484.7172645399305,46.0080859375
1160,,,,,,,,,,,,,,14731.708525755696,2380.112625264676,44.20543178665304
1161,,,,,,,,,,,,,,13211.843687115294,2272.603160549896,46.24640447443182
1162,,,,,,,,,,,,,,14380.292706864819,2251.989967594768,45.68874823778196
1163,,,,,,,,,,,,,,14428.589384464074,2512.576537795984,47.566823782660336
1164,,,,,,,,,,,,,,16976.141655115927,3241.9062759891635,63.15502299647177
1165,,,,,,,,,,,,,,15986.655698488084,3222.532924734431,72.57401325033723
1166,,,,,,,,,,,,,,10575.0646484375,2749.604667663574,66.9037582397461
1167,,,,,,,,,,,,,,10385.601578456904,2706.5868446499694,72.26323625153186
1168,,,,,,,,,,,,,,9380.249488636364,1708.4194864169035,72.00277521306818
1169,,,,,,,,,,,,,,13721.901127711983,2673.9391864363556,70.46430726263934
1170,,,,,,,,,,,,,,12566.057706265836,2502.2145426982156,71.11421492293074
1171,,,,,,,,,,,,,,14137.971691932798,2583.4048417907525,69.55335276253919
1172,,,,,,,,,,,,,,14457.547452338837,2820.95298450398,65.341552734375
1173,,,,,,,,,,,,,,15617.08697063167,2955.948203482279,61.45712652439025
1174,,,,,,,,,,,,,,15296.15652252907,2528.7254177359646,53.84603385038154
1175,,,,,,,,,,,,,,15411.489102041794,2971.2936502468365,63.426939045724694
1176,,,,,,,,,,,,,,13756.858988701542,2748.7719069855125,62.85950943186313
1177,,,,,,,,,,,,,,15329.5924979183,2990.2440556732463,63.82688822492163
1178,,,,,,,,,,,,,,15846.698217696905,3169.5791038584935,62.071279878526646
1179,,,,,,,,,,,,,,10435.24546384605,2160.850232937635,84.87760628043831
1180,,,,,,,,,,,,,,10848.036690283401,2263.745551105453,89.24775232477226
1181,,,,,,,,,,,,,,10578.132808481225,2009.93537306295,87.40050516010803
1182,,,,,,,,,,,,,,9336.359088363908,2239.4051934460326,69.57728842256826
1183,,,,,,,,,,,,,,9634.714952256945,2488.697665042804,81.60521619073276
1184,,,,,,,,,,,,,,11150.51579709913,2567.62255859375,81.69281105917008
1185,,,,,,,,,,,,,,11713.945824032739,2882.0120142376613,81.16861979166667
1186,,,,,,,,,,,,,,12140.768307403434,2879.4335455505634,83.72318853943133
1187,,,,,,,,,,,,,,11880.937083975617,2935.3691526678112,81.32771773402466
1188,,,,,,,,,,,,,,13607.02740952882,2974.8308016920337,78.68374807723445
1189,,,,,,,,,,,,,,14550.567898220486,3149.65244434498,78.29300944010417
1190,,,,,,,,,,,,,,14193.988467829015,3139.9581844670984,81.6605254382622
1191,,,,,,,,,,,,,,14452.506966629879,3199.9425942800303,81.24380663336431
1192,,,,,,,,,,,,,,15416.978558394161,3095.314335509808,78.02715307082573
1193,,,,,,,,,,,,,,16891.15394148987,3248.0157802943427,63.00710919581422
1194,,,,,,,,,,,,,,16967.14434077496,3108.883064955012,62.65765739889706
1195,,,,,,,,,,,,,,14853.687115195571,3018.0374836700644,70.20876772040563
1196,,,,,,,,,,,,,,13871.72163231693,3088.4968726314714,77.58561319379665
1197,,,,,,,,,,,,,,13606.396835498595,2996.8955023261938,79.44107158532303
1198,,,,,,,,,,,,,,14702.608390867248,3108.575154622396,79.00324763808139
1199,,,,,,,,,,,,,,11011.878475639764,2658.679285725271,78.75866218626969
1200,,,,,,,,,,,,,,9281.20561935241,1767.7457706803777,81.90748541039157
1201,,,,,,,,,,,,,,13056.572885982327,2395.7079122574605,79.21240434490267
1202,,,,,,,,,,,,,,14300.085018836462,2876.8602145349555,78.39895859066206
1203,,,,,,,,,,,,,,8198.724268615015,1657.88769920084,73.03291845137548
1204,,,,,,,,,,,,,,9697.699170524691,1957.9127940739133,81.86574074074075
1205,,,,,,,,,,,,,,9863.978894042968,1998.7060119628907,83.64232788085937
1206,,,,,,,,,,,,,,11454.100121791826,2464.000389882367,79.38337504455798
1207,,,,,,,,,,,,,,11581.469397166418,2489.3113878038193,63.805350167410715
1208,,,,,,,,,,,,,,9877.554342369478,2275.5204975174133,87.51704866340361
1209,,,,,,,,,,,,,,14013.052631896218,2638.2045348367574,66.38400833695023
1210,,,,,,,,,,,,,,11336.505768694196,2398.3371425083706,72.6029767717634
1211,,,,,,,,,,,,,,10957.690241608796,1887.443433521412,72.89114040798611
1212,,,,,,,,,,,,,,15129.929094978932,2896.706563085206,75.44837385884831
1213,,,,,,,,,,,,,,14647.28052038434,2764.4744802891523,74.6611608746408
1214,,,,,,,,,,,,,,14843.017563158524,2741.0876754819205,73.208181797773
1215,,,,,,,,,,,,,,14398.83783696772,2892.995046538748,73.11574948489012
1216,,,,,,,,,,,,,,14604.822971700765,2808.648658807329,71.98314902765287
1217,,,,,,,,,,,,,,15322.66107836999,2844.9689966926176,72.35323150315766
1218,,,,,,,,,,,,,,15081.090431077624,2911.1746821827737,71.9796954932162
1219,,,,,,,,,,,,,,14897.490765739889,2906.0670641730812,74.93283260569854
1220,,,,,,,,,,,,,,14027.166734483508,2039.4036631266276,53.83228759765625
1221,,,,,,,,,,,,,,12601.646559221032,2327.1572158702097,74.60720802919708
1222,,,,,,,,,,,,,,11376.504879012646,2085.45502682697,79.75678653939688
1223,,,,,,,,,,,,,,11454.255617156743,2339.291858102393,79.42705770177166
1224,,,,,,,,,,,,,,9033.044973273027,2481.180053216726,80.19180359628037
1225,,,,,,,,,,,,,,10679.74662181713,2475.3744041160303,77.55811089409723
1226,,,,,,,,,,,,,,12299.081955600792,2585.5093882386113,71.21159943056779
1227,,,,,,,,,,,,,,16979.498896784342,2813.999497553594,69.93472029650171
1228,,,,,,,,,,,,,,17708.43590333888,3095.779344217859,78.77980929182509
1229,,,,,,,,,,,,,,17661.933526141827,3083.306209622897,79.72692683293269
1230,,,,,,,,,,,,,,17946.149829200403,2909.484076496078,72.50609461981276
1231,,,,,,,,,,,,,,14862.41420731345,2827.154452827947,76.28990910171103
1232,,,,,,,,,,,,,,16672.182145242798,2972.5918576832596,73.78909154275092
1233,,,,,,,,,,,,,,16465.314335264007,3106.713270516231,76.58564916150323
1234,,,,,,,,,,,,,,17275.356275040063,3001.618011318109,73.34837364783654
1235,,,,,,,,,,,,,,18138.5986621828,2817.124441964286,69.79301464109493
1236,,,,,,,,,,,,,,17537.950069304436,2984.242302482359,70.31727255544355
1237,,,,,,,,,,,,,,16202.112778607538,2904.079901302562,75.39079553940716
1238,,,,,,,,,,,,,,16588.760305025946,2877.4280031941,74.2648229495713
1239,,,,,,,,,,,,,,14274.536419580852,2850.2260625930057,80.91929989769345
1240,,,,,,,,,,,,,,15598.888733988515,2789.144729668176,65.03550132508833
1241,,,,,,,,,,,,,,16258.383291637407,2911.6845995727995,70.87762794066012
1242,,,,,,,,,,,,,,15971.433735643697,3061.659441564837,83.84598482572116
1243,,,,,,,,,,,,,,14894.339478117594,2890.8470580476155,79.00927040136256
1244,,,,,,,,,,,,,,15599.822576992754,2512.8600907414598,61.42562960986025
1245,,,,,,,,,,,,,,13176.681151068864,2604.0944307890013,61.520220963201695
1246,,,,,,,,,,,,,,14466.167611929086,2609.0473219651444,67.8376690204327
1247,,,,,,,,,,,,,,14667.329931799673,2672.4882351257124,64.89264015421416
1248,,,,,,,,,,,,,,15241.994177637573,2798.5399258894404,67.39610286078717
1249,,,,,,,,,,,,,,15415.249948601973,2795.580182527241,64.47769968133224
1250,,,,,,,,,,,,,,15461.487602919162,2743.300230106194,59.34639899887725
1251,,,,,,,,,,,,,,15382.322576349432,2972.947681157276,64.20822975852273
1252,,,,,,,,,,,,,,5936.754302153716,696.2839667419669,18.477431602919886
1253,,,,,,,,,,,,,,17304.524194525195,2887.266655500545,57.193887400072676
1254,,,,,,,,,,,,,,17499.637066566782,2804.223198877622,50.68157206496147
1255,,,,,,,,,,,,,,18396.96075766194,2774.2127651565847,43.14106309388383
1256,,,,,,,,,,,,,,15676.240660322474,3140.877274317099,71.40388651097075
1257,,,,,,,,,,,,,,15537.397125431366,3069.158225591929,58.865069617523005
1258,,,,,,,,,,,,,,17330.929595424106,3095.414544503348,52.31823381696429
1259,,,,,,,,,,,,,,16953.575538858917,3051.1016189624897,54.338760624491044
1260,,,,,,,,,,,,,,18074.8193801926,2872.216603627738,57.159853840162384
1261,,,,,,,,,,,,,,16276.359533019822,3103.5190564004347,63.099007319478154
1262,,,,,,,,,,,,,,17265.382264197466,3183.2690746015883,64.96282249273256
1263,,,,,,,,,,,,,,17013.857261588146,3121.277590116831,60.0841016218655
1264,,,,,,,,,,,,,,18373.239012244154,2977.5939391732913,57.54568427905702
1265,,,,,,,,,,,,,,14689.857182017544,2901.762703022204,71.76630345394737
1266,,,,,,,,,,,,,,16567.04864464962,2716.9365226976797,66.97432528409091
1267,,,,,,,,,,,,,,16637.581987921287,2916.1854960470882,66.24743860654864
1268,,,,,,,,,,,,,,17599.701650191328,3062.6008450255104,65.25714983258929
1269,,,,,,,,,,,,,,16174.860913245506,3020.305271522672,67.84630629595588
1270,,,,,,,,,,,,,,14152.994581886574,3065.993273473669,79.65270182291667
1271,,,,,,,,,,,,,,13404.905820616488,3210.6746963916585,78.82167474768968
1272,,,,,,,,,,,,,,14291.16150181894,3196.8488592482704,79.98093839456106
1273,,,,,,,,,,,,,,15137.163154141865,2958.1406459263394,59.96519252232143
1274,,,,,,,,,,,,,,15254.318718445335,2975.203875783426,57.75626740947075
1275,,,,,,,,,,,,,,15818.873125542535,2975.424136691623,57.0170654296875
1276,,,,,,,,,,,,,,16427.109607769693,2989.837417727954,54.5597549229452
1277,,,,,,,,,,,,,,17142.747964638158,2999.220532869038,52.50176552220395
1278,,,,,,,,,,,,,,16955.21738807828,2722.961024864047,50.40103328929228
1279,,,,,,,,,,,,,,14929.036642439378,2713.067168022114,51.874507716444676
1280,,,,,,,,,,,,,,11670.318428261151,2316.233650682378,74.06412895487551
1281,,,,,,,,,,,,,,10926.873477935791,1820.081350326538,74.74132919311523
1282,,,,,,,,,,,,,,11329.128857608956,2023.4751098165111,75.20178362966954
1283,,,,,,,,,,,,,,8212.542666938361,1481.371524840828,75.00005767101378
1284,,,,,,,,,,,,,,9338.690974173785,2079.033859582256,79.70816588916367
1285,,,,,,,,,,,,,,18751.255084908647,2837.5487578153266,28.02827367492764
1286,,,,,,,,,,,,,,18857.220664878427,2469.4998333086855,23.54252508975196
1287,,,,,,,,,,,,,,12222.680680958045,3036.367536393004,76.35764151708477
1288,,,,,,,,,,,,,,17586.841178548995,3024.5498531475737,43.573720654051506
1289,,,,,,,,,,,,,,14805.461328577112,2894.674289844654,49.63749864366319
1290,,,,,,,,,,,,,,16769.571039556147,3128.033629700378,54.37042437542926
1291,,,,,,,,,,,,,,16343.992757384418,3079.7456476080906,55.00071302440068
1292,,,,,,,,,,,,,,16415.366435148277,2901.7525927485253,45.32619305046237
1293,,,,,,,,,,,,,,10856.829234557394,2234.239672946559,78.19107376276752
1294,,,,,,,,,,,,,,10757.805788794782,2251.9939847096475,79.28571526358061
1295,,,,,,,,,,,,,,13435.6125546875,2818.962876953125,72.301810546875
1296,,,,,,,,,,,,,,6888.3017059497615,1258.711526977882,36.13865404450492
1297,,,,,,,,,,,,,,7649.294038224317,1227.490798764866,87.14111723494433
1298,,,,,,,,,,,,,,10105.80433529713,1756.8775554719518,87.54834984951331
1299,,,,,,,,,,,,,,9146.236074131166,1627.6765142192755,90.2213260667741
1300,,,,,,,,,,,,,,8715.721506493723,1682.937270466079,90.69137494991988
1301,,,,,,,,,,,,,,8973.806365593113,1847.6481211136797,87.59149792729592
1302,,,,,,,,,,,,,,9411.505981939525,1756.6484033993863,86.39574898785425
1303,,,,,,,,,,,,,,8256.567557629243,1456.0985107421875,87.8995647665895
1304,,,,,,,,,,,,,,10158.879500679348,2080.4868443907485,86.58220108695652
1305,,,,,,,,,,,,,,7938.4818135097885,1451.2324862056935,53.08303381564349
1306,,,,,,,,,,,,,,8104.025313816714,1459.5931277614409,76.11726430828652
1307,,,,,,,,,,,,,,9124.058741820849,1583.616075646576,76.31447251523015
1308,,,,,,,,,,,,,,5984.767290115356,1283.3615198135376,73.33756256103516
1309,,,,,,,,,,,,,,7264.193175765108,1630.7924370883911,72.01330465521694
1310,,,,,,,,,,,,,,8192.71210049716,1463.239033203125,73.52209517045455
1311,,,,,,,,,,,,,,15113.993575411978,3157.872014576216,68.69802081239952
1312,,,,,,,,,,,,,,15567.10082919675,3198.191873378272,76.50546804490072
1313,,,,,,,,,,,,,,16464.387134176588,3177.329482111855,63.65746372767857
1314,,,,,,,,,,,,,,17396.547811514196,3127.1837955318415,62.03518551606861
1315,,,,,,,,,,,,,,16704.98903323715,3180.0781284026566,74.52352256641986
1316,,,,,,,,,,,,,,14961.322608646953,3117.9968200464828,73.43609816028226
1317,,,,,,,,,,,,,,15003.095034246575,3183.9510038192957,68.58854947024828
1318,,,,,,,,,,,,,,16586.973749283257,3229.3570015350247,60.33364392201835
1319,,,,,,,,,,,,,,14973.993829571758,3170.3606707537615,65.28021647135417
1320,,,,,,,,,,,,,,16830.61261397288,3106.9716778610114,55.641129110816706
1321,,,,,,,,,,,,,,15677.12158890845,2488.343862982583,42.4668828400088
1322,,,,,,,,,,,,,,13698.480585186298,3131.5873056265023,79.43009878305288
1323,,,,,,,,,,,,,,13428.928376116071,3235.653972018495,77.89454320790816
1324,,,,,,,,,,,,,,16188.23399548282,3025.295494621964,79.3384228747038
1325,,,,,,,,,,,,,,16853.478076879528,2950.171091273211,74.04262376868206
1326,,,,,,,,,,,,,,15701.237435379879,3016.8632975865476,78.97337505808551
1327,,,,,,,,,,,,,,10706.63834765625,2414.8731474609376,84.75486328125
1328,,,,,,,,,,,,,,13907.449337121212,2885.856416644472,83.55506480823864
1329,,,,,,,,,,,,,,10905.191410203694,2117.291731737886,77.57180897330466
1330,,,,,,,,,,,,,,13270.274057749155,2830.5477674329604,65.10669770111909
1331,,,,,,,,,,,,,,11937.604775204021,2610.79222699791,69.40046682175557
1332,,,,,,,,,,,,,,15816.786693548387,2802.422059286794,61.67909368699597
1333,,,,,,,,,,,,,,16073.588124732449,3011.92464750107,56.8582111515411
1334,,,,,,,,,,,,,,14203.072172007167,1779.9534694126673,35.785465097068844
1335,,,,,,,,,,,,,,17500.59778423255,3034.480417278757,52.40790681757478
1336,,,,,,,,,,,,,,13950.651865375905,2982.281939254982,58.997630774456525
1337,,,,,,,,,,,,,,14208.59182656778,2984.0082719132706,65.27806462468328
1338,,,,,,,,,,,,,,9497.994290865385,2115.550453538161,82.06741473858173
1339,,,,,,,,,,,,,,13038.396988753435,2597.4890709063075,76.34227442479396
1340,,,,,,,,,,,,,,12587.780153670401,2407.568421561763,73.16255619840801
1341,,,,,,,,,,,,,,13700.149718050827,2690.179060524076,76.62105765138618
1342,,,,,,,,,,,,,,13339.794780892385,2607.704773808869,68.71170946577905
1343,,,,,,,,,,,,,,15198.978194387335,2971.1047082198293,68.8692771510074
1344,,,,,,,,,,,,,,13259.016739941802,2788.628804442371,73.60395646191802
1345,,,,,,,,,,,,,,12679.111098108213,2490.692344476369,71.39380286350723
1346,,,,,,,,,,,,,,11344.576089348591,2618.264384811473,73.94558758802818
1347,,,,,,,,,,,,,,12102.820002629207,2687.9671443058896,74.18082838792067
1348,,,,,,,,,,,,,,12939.579707829926,2866.687872110246,74.52676834049721
1349,,,,,,,,,,,,,,12795.239334733518,2674.004698034835,69.94398644852312
1350,,,,,,,,,,,,,,10936.418256392046,2232.0011723188923,74.62453125
1351,,,,,,,,,,,,,,11393.91944061938,2390.052019517199,73.32749620616008
1352,,,,,,,,,,,,,,12433.514865451389,2756.610045685165,73.41086902837644
1353,,,,,,,,,,,,,,12707.254146575928,2280.219003677368,73.70783042907715
1354,,,,,,,,,,,,,,11247.72681300951,2132.8857719089674,75.02280698029891
1355,,,,,,,,,,,,,,11184.09528641592,2303.711897362327,69.67934872506108
1356,,,,,,,,,,,,,,12728.189554537259,2557.6154747596156,68.75352877103366
1357,,,,,,,,,,,,,,6501.185313560182,1086.1357489069667,27.951852780963304
1358,,,,,,,,,,,,,,10563.4172726193,2179.936904082427,69.84793173300254
1359,,,,,,,,,,,,,,10543.14753958683,2291.2673147316746,67.12990575188758
1360,,,,,,,,,,,,,,10278.002573417141,2375.4290016000355,71.18758906758957
1361,,,,,,,,,,,,,,9789.645851903313,2014.6529643423605,70.13382838716443
1362,,,,,,,,,,,,,,9085.042712523205,1836.685897373917,68.10324489480197
1363,,,,,,,,,,,,,,13479.478461371527,2660.2920613008387,65.23434627757354
1364,,,,,,,,,,,,,,12766.078134931144,2224.7964376158634,70.54062831038135
1365,,,,,,,,,,,,,,14262.074064555922,2908.602943821957,66.12769679019326
1366,,,,,,,,,,,,,,13024.627351120283,2788.1656240787147,66.0376381928066
1367,,,,,,,,,,,,,,11706.214172363281,2514.708721385283,71.73094267003677
1368,,,,,,,,,,,,,,12090.147978683997,2753.308503249596,78.30108221646013
1369,,,,,,,,,,,,,,12424.089728641873,2509.477083271447,68.03640016040875
1370,,,,,,,,,,,,,,12023.920077979787,2600.539823964626,67.68269160954925
1371,,,,,,,,,,,,,,12625.861703445662,2560.53210540316,63.42269487523321
1372,,,,,,,,,,,,,,12587.052554232403,2515.8153743805624,64.2085197967233
1373,,,,,,,,,,,,,,12436.57310850493,2134.7123972456857,51.75541414406903
1374,,,,,,,,,,,,,,11760.864399659567,2650.0914906762832,50.89658530464386
1375,,,,,,,,,,,,,,15926.364321849385,2819.119656922387,66.74221951844262
1376,,,,,,,,,,,,,,16167.739583333334,2971.8547252667377,69.89903955552184
1377,,,,,,,,,,,,,,14098.816130553783,2890.808288989424,70.20311005261479
1378,,,,,,,,,,,,,,15698.269061553849,2871.7641314338234,70.96378270977509
1379,,,,,,,,,,,,,,16835.61148031656,2935.8483482459924,65.04340471540179
1380,,,,,,,,,,,,,,15699.613374255952,2874.327809316335,69.92961774553571
1381,,,,,,,,,,,,,,11833.606759937238,2726.1034134741108,80.54659102052824
1382,,,,,,,,,,,,,,15212.545755320582,2964.0543633822736,79.18485023235452
1383,,,,,,,,,,,,,,14784.574275936093,2867.842696456222,70.73426942567568
1384,,,,,,,,,,,,,,14178.61388125662,3089.728276656846,66.97267487089513
1385,,,,,,,,,,,,,,16293.417975370763,3061.197763837394,66.88576370497881
1386,,,,,,,,,,,,,,11669.574334816854,2570.6900514696467,73.05406914382685
1387,,,,,,,,,,,,,,13123.35793056672,2412.371502744423,77.76567210108522
1388,,,,,,,,,,,,,,12509.83170838648,2656.187057557398,81.62935666454082
1389,,,,,,,,,,,,,,11444.03143865412,2629.3758045543323,73.4953946200284
1390,,,,,,,,,,,,,,12146.024193274456,2705.3133937669836,78.56974779211957
1391,,,,,,,,,,,,,,12179.762593149038,2301.2703973858174,63.65266225961538
1392,,,,,,,,,,,,,,15210.475770801184,2950.1806369357637,69.26245418595678
1393,,,,,,,,,,,,,,15344.26746002907,3052.036365597747,67.93540606831395
1394,,,,,,,,,,,,,,11394.254651521382,2391.8131456877054,91.41954281455592
1395,,,,,,,,,,,,,,11183.666305136892,2282.6453700782977,90.77501901272124
1396,,,,,,,,,,,,,,9930.795367014935,1910.8728223440637,80.03466208584338
1397,,,,,,,,,,,,,,12382.53436860584,2433.1371619814918,72.41270664760044
1398,,,,,,,,,,,,,,13612.248945413177,2631.7365577933715,65.85304747905928
1399,,,,,,,,,,,,,,9990.058634159483,2098.5211598363417,70.95465214170258
1400,,,,,,,,,,,,,,12344.979963860544,2781.3639422565902,71.71423090720663
1401,,,,,,,,,,,,,,14222.141707327391,2513.83242698697,71.61021935638539
1402,,,,,,,,,,,,,,12179.18313826376,2472.915489993878,76.07600972189832
1403,,,,,,,,,,,,,,10867.723124262971,2630.8720177992336,76.46703825176887
1404,,,,,,,,,,,,,,9736.420138175028,2315.8110469349645,84.3939273231908
1405,,,,,,,,,,,,,,13331.34014337713,2969.312081076882,79.2246260209517
1406,,,,,,,,,,,,,,11418.821713654892,2791.296809381176,83.79338176259881
1407,,,,,,,,,,,,,,11367.448364257812,2700.480088667436,81.80950372869319
1408,,,,,,,,,,,,,,15918.244238619161,3291.0159586870136,60.24085782060986
1409,,,,,,,,,,,,,,11215.759434515827,2675.257971767704,75.79796263076717
1410,,,,,,,,,,,,,,11082.923333093318,2764.5595309349796,83.50015075964862
1411,,,,,,,,,,,,,,10038.480657613502,2469.8191516804245,79.98862212558963
1412,,,,,,,,,,,,,,13309.931692569813,3136.124290953291,62.697738322805854
1413,,,,,,,,,,,,,,14783.616630927667,3083.395728904884,61.79782936789773
1414,,,,,,,,,,,,,,10267.596177223808,1855.1004506977763,84.17355663252074
1415,,,,,,,,,,,,,,10601.264055524554,2310.8573876205755,84.64533093510842
1416,,,,,,,,,,,,,,9642.621711940941,2269.2819678630303,84.11850451548165
1417,,,,,,,,,,,,,,12351.191622809885,2464.30385803478,80.76804597607217
1418,,,,,,,,,,,,,,12866.633681203359,2957.703364039179,80.10550956156716
1419,,,,,,,,,,,,,,8088.855494711785,1212.0896130895321,42.15616163008052
1420,,,,,,,,,,,,,,17583.76082978613,2669.874561195754,63.72491759240033
1421,,,,,,,,,,,,,,17886.975391877004,3126.7160292405347,63.77490703876202
1422,,,,,,,,,,,,,,17120.44071903935,2771.2051127869404,57.285585756655095
1423,,,,,,,,,,,,,,12714.525469198994,3097.105326568487,78.23033405172414
1424,,,,,,,,,,,,,,14877.78241811899,3111.675817871094,73.8500751201923
1425,,,,,,,,,,,,,,15442.683721427782,3094.9683376352696,72.48382287985866
1426,,,,,,,,,,,,,,17905.257442079743,3125.0788060681575,67.56002323545259
1427,,,,,,,,,,,,,,18451.46329611808,3072.593540495242,68.02642632190744
1428,,,,,,,,,,,,,,16903.508056640625,3028.450344238281,63.455908203125
1429,,,,,,,,,,,,,,16654.67157801798,3043.3169112532105,61.89011799015411
1430,,,,,,,,,,,,,,17077.273421313883,2851.463287859332,55.37125561118785
1431,,,,,,,,,,,,,,16089.649378365699,2495.958880949892,47.188660146050914
1432,,,,,,,,,,,,,,16176.326443792103,2593.057192499766,53.42167617889221
1433,,,,,,,,,,,,,,18602.006016975865,2883.3439005651117,57.4598596226585
1434,,,,,,,,,,,,,,19021.70275222614,2818.4371902301746,57.15153257308468
1435,,,,,,,,,,,,,,18099.10187892807,2846.527852489962,58.01926937849162
1436,,,,,,,,,,,,,,18781.2191287223,2872.8631588415424,56.76146987534626
1437,,,,,,,,,,,,,,18771.365228794642,2879.7473667689733,56.060152064732144
1438,,,,,,,,,,,,,,18081.76157885675,2842.506292506026,57.88214262654959
1439,,,,,,,,,,,,,,18844.800159801136,2584.435557972301,52.726231800426135
1440,,,,,,,,,,,,,,18297.437561209044,2971.7222841268253,60.04002236912393
1441,,,,,,,,,,,,,,17891.06681090297,2734.114914699154,55.78233042342887
1442,,,,,,,,,,,,,,18035.02551697271,3026.668337264151,61.534058604278975
1443,,,,,,,,,,,,,,9402.360600338707,1417.6984065574936,25.85827482199367
1444,,,,,,,,,,,,,,16107.804126880786,2951.722427481192,61.621744791666664
1445,,,,,,,,,,,,,,16561.354309547947,2977.090678673664,63.22137031846374
1446,,,,,,,,,,,,,,15660.105313929116,2900.653308403201,64.4563524199695
1447,,,,,,,,,,,,,,12962.623176466232,2882.459722582198,74.47930705716824
1448,,,,,,,,,,,,,,13014.227614912015,2411.984923723832,79.77638614987865
1449,,,,,,,,,,,,,,10246.438802083334,2277.0541103265223,78.40827073317308
1450,,,,,,,,,,,,,,13340.384835737179,2558.969022936699,79.40884915865385
1451,,,,,,,,,,,,,,15092.563336386065,2692.6414567135166,73.07163483104067
1452,,,,,,,,,,,,,,15411.040606752811,2888.6521452273464,70.83786190257354
1453,,,,,,,,,,,,,,18165.968340938423,2908.3673336963034,63.508477945243364
1454,,,,,,,,,,,,,,17961.33604632515,2760.732275820198,61.296429676044724
1455,,,,,,,,,,,,,,15790.716968805018,2997.0944910183757,66.76686117682658
1456,,,,,,,,,,,,,,14055.230326021634,3111.5074115459734,76.29246544471154
1457,,,,,,,,,,,,,,14802.592048693003,2994.3813484239877,71.96306106279481
1458,,,,,,,,,,,,,,15795.672191447082,2995.6821527248476,64.96274260942944
1459,,,,,,,,,,,,,,17076.576355584777,2320.2440043534384,44.87213436919864
1460,,,,,,,,,,,,,,16215.191633234797,2973.344846653294,55.14238809121622
1461,,,,,,,,,,,,,,15937.202263893165,2801.150902358182,48.6453538716133
1462,,,,,,,,,,,,,,17361.516283885543,2456.733586690512,37.6181405308735
1463,,,,,,,,,,,,,,17006.640176684832,2978.849180174044,47.8282118827847
1464,,,,,,,,,,,,,,15192.51512858073,2296.1945259094236,37.50565795898437
1465,,,,,,,,,,,,,,11270.475931419516,2242.360740805572,80.4930742371757
1466,,,,,,,,,,,,,,14987.926664402174,3173.236365276834,72.38649583899456
1467,,,,,,,,,,,,,,17423.09057009008,3128.486900682551,57.965879392793596
1468,,,,,,,,,,,,,,17097.245791955174,2910.3390584784415,47.054129464285715
1469,,,,,,,,,,,,,,17006.966273716516,2945.7635171072825,53.152901785714285
1470,,,,,,,,,,,,,,16695.07891635237,2946.149680933459,62.54206963900862
1471,,,,,,,,,,,,,,17362.814156297492,3156.3108310873386,62.67429711246201
1472,,,,,,,,,,,,,,16987.338439941406,3093.6840101877847,49.385475158691406
1473,,,,,,,,,,,,,,19457.132267917976,2696.5212463762773,41.68663092079402
1474,,,,,,,,,,,,,,12489.2914889969,2494.65228504443,75.84471165314885
1475,,,,,,,,,,,,,,13768.302948565288,2781.349967871457,74.56776762894981
1476,,,,,,,,,,,,,,14613.89516509434,2749.306869103774,73.22216059846698
1477,,,,,,,,,,,,,,12805.288752769357,2503.212179155492,76.45026636835354
1478,,,,,,,,,,,,,,13614.172862293955,2396.478983337626,74.02438186813187
1479,,,,,,,,,,,,,,13921.432982095195,2334.954262295652,73.14879198176156
1480,,,,,,,,,,,,,,13218.248235652882,2224.3970720369134,75.04317204925651
1481,,,,,,,,,,,,,,11579.516989087302,2015.3784276568701,72.86549014136905
1482,,,,,,,,,,,,,,11147.751626394052,1979.772814896027,75.17018870527416
1483,,,,,,,,,,,,,,8822.916444943985,1733.244653780955,77.17017430719339
1484,,,,,,,,,,,,,,8250.343391026432,1450.5780960505188,78.60384564908597
1485,,,,,,,,,,,,,,10957.590761483434,2054.195968934331,80.70771366716868
1486,,,,,,,,,,,,,,13006.538657583842,2516.3561733835113,80.41920136242378
1487,,,,,,,,,,,,,,13036.21137956533,2648.9520590197403,85.28187692901234
1488,,,,,,,,,,,,,,12034.771940373192,2258.1752869156767,81.77128260588843
1489,,,,,,,,,,,,,,11520.179074677379,2025.2357311171559,76.87556933198381
1490,,,,,,,,,,,,,,15428.962922127017,2843.8163756230397,71.85164650537635
1491,,,,,,,,,,,,,,14489.117427357456,3107.877452542489,72.08733552631578
1492,,,,,,,,,,,,,,16846.847786458333,3211.867511212384,69.89816080729166
1493,,,,,,,,,,,,,,16848.556724065467,3201.2499876384495,66.67263214497626
1494,,,,,,,,,,,,,,17028.032472298815,3217.249405605341,65.27028760723039
1495,,,,,,,,,,,,,,17793.07896471935,3246.08269836037,63.15101885947452
1496,,,,,,,,,,,,,,17647.32329513366,3278.7630997623305,62.715674710561
1497,,,,,,,,,,,,,,17847.91805043964,3204.8324833278875,62.25600975819867
1498,,,,,,,,,,,,,,8859.946269818474,827.4466526345645,23.11475528492647
1499,,,,,,,,,,,,,,17145.64333917026,3117.531505926724,48.27633688038793
1500,,,,,,,,,,,,,,17245.990122534044,3126.319352986426,54.34858371159218
1501,,,,,,,,,,,,,,14555.025496557204,2844.44093038268,71.80745497881355
1502,,,,,,,,,,,,,,12378.226145038168,2591.0815131500476,78.85746473938454
1503,,,,,,,,,,,,,,10343.509656479779,2132.6003615435434,69.27482192095589
1504,,,,,,,,,,,,,,10951.788110705389,1797.1503587805707,77.3219684103261
1505,,,,,,,,,,,,,,15314.39433318662,3173.644719685299,67.98734732614436
1506,,,,,,,,,,,,,,14300.164256376378,3018.8724921731387,71.7835854923024
1507,,,,,,,,,,,,,,11234.25782129786,2881.852004592483,101.46329972550676
1508,,,,,,,,,,,,,,13780.904536877648,3123.972465903072,90.94119935116525
1509,,,,,,,,,,,,,,13542.871154785156,3095.371376546224,88.08878173828126
1510,,,,,,,,,,,,,,13749.682716431656,3184.4124428353657,86.59010575457317
1511,,,,,,,,,,,,,,12538.95813918862,2985.2087621303954,96.50962768007287
1512,,,,,,,,,,,,,,11495.702183006084,2951.531449849627,99.0382803857854
1513,,,,,,,,,,,,,,11678.928843715734,2495.5100922166257,97.21697034333882
1514,,,,,,,,,,,,,,10431.614812192958,2213.737476332219,92.48862880390284
1515,,,,,,,,,,,,,,7128.3134765625,1391.08353746486,89.56442043671548
1516,,,,,,,,,,,,,,7674.819999926018,1221.2455273252544,76.30572509765625
1517,,,,,,,,,,,,,,7782.700407770753,1252.2330844092915,79.33291835639314
1518,,,,,,,,,,,,,,9355.639115053966,1369.137119277893,83.74932934864458
1519,,,,,,,,,,,,,,10288.952737671414,1354.6269356128032,82.5938612539557
1520,,,,,,,,,,,,,,11992.3945234375,2085.1825297851565,84.48587109375
1521,,,,,,,,,,,,,,15415.87891000601,2981.8867703951323,82.30489971454327
1522,,,,,,,,,,,,,,15022.797847671813,3025.266956587712,79.44524635831674
1523,,,,,,,,,,,,,,17861.929542508187,3004.2708297796125,79.48576734784389
1524,,,,,,,,,,,,,,14537.27358931854,2761.269454314929,83.05750845259979
1525,,,,,,,,,,,,,,15643.061636921828,2737.7790691597384,70.32965479859519
1526,,,,,,,,,,,,,,16877.774138621793,2785.2781611292353,75.13891869848901
1527,,,,,,,,,,,,,,16926.823153085083,2878.8293136262546,74.91290595061588
1528,,,,,,,,,,,,,,16743.63218340356,2673.678765800562,75.48140690835675
1529,,,,,,,,,,,,,,16739.13673930921,2857.368187191612,77.64980982730263
1530,,,,,,,,,,,,,,17047.828385786575,2481.30722878196,61.05959805575284
1531,,,,,,,,,,,,,,15664.315568296372,2974.7964560231853,68.85569871471775
1532,,,,,,,,,,,,,,15999.127019592604,3068.3890233863713,66.5094703554483
1533,,,,,,,,,,,,,,8225.476212467056,1315.566769703325,61.88550098832831
1534,,,,,,,,,,,,,,8758.7288082412,1414.1431955275552,63.11315256938177
1535,,,,,,,,,,,,,,9095.598821390086,1620.288119612069,68.206201171875
1536,,,,,,,,,,,,,,9459.215279134114,1744.515190633138,68.107177734375
1537,,,,,,,,,,,,,,13598.452273033405,2631.5721216662178,67.33953899515086
1538,,,,,,,,,,,,,,14740.344650936448,2614.952889079598,66.81772806186869
1539,,,,,,,,,,,,,,16891.68983004386,3123.9448824698466,67.24049136513158
1540,,,,,,,,,,,,,,9914.591646902902,1461.3000414167132,71.76432233537946
1541,,,,,,,,,,,,,,7013.754529960311,1353.1118473038364,33.08983533135776
1542,,,,,,,,,,,,,,16203.8212890625,2767.9016265341156,72.84820535521193
1543,,,,,,,,,,,,,,15039.539542931068,3490.1124593360632,72.49096758189309
1544,,,,,,,,,,,,,,14201.086785285028,3464.627394903274,77.47298892513736
1545,,,,,,,,,,,,,,14864.591715170567,3439.607479262637,77.48642344683765
1546,,,,,,,,,,,,,,15384.68931908701,3585.6939261642156,80.15751378676471
1547,,,,,,,,,,,,,,17294.187506688784,3383.4408251618684,71.31816540025685
1548,,,,,,,,,,,,,,16713.888510214318,3440.6637573242188,71.73619945629223
1549,,,,,,,,,,,,,,16412.220000432426,3563.3352285012106,76.52741582103322
1550,,,,,,,,,,,,,,16519.462767676483,3530.0349999297437,77.93151592007644
1551,,,,,,,,,,,,,,16867.428765625,3578.011048828125,79.639599609375
1552,,,,,,,,,,,,,,17695.629646171074,3390.797734075032,69.18973976109216
1553,,,,,,,,,,,,,,15925.655686027736,3083.764645469225,66.61162792078268
1554,,,,,,,,,,,,,,14357.317466219973,2183.746529467165,71.86590684775356
1555,,,,,,,,,,,,,,6782.186855740018,1897.5652316623264,47.248295084635416
1556,,,,,,,,,,,,,,9326.29744881957,1720.375981463133,69.35251411382299
1557,,,,,,,,,,,,,,15345.996672453704,3136.680598958333,77.90918511284723
1558,,,,,,,,,,,,,,15031.927313811588,3285.748884437728,75.10608355668339
1559,,,,,,,,,,,,,,15521.348270300663,3256.921542080966,79.9052900834517
1560,,,,,,,,,,,,,,14401.38864198023,3180.547480369101,70.82178232621173
1561,,,,,,,,,,,,,,15121.391266076744,3228.983870110544,71.91669822225765
1562,,,,,,,,,,,,,,15111.189577792553,3025.265023479056,74.75415558510639
1563,,,,,,,,,,,,,,13198.7538162596,3171.5872306953925,70.93938313246586
1564,,,,,,,,,,,,,,14217.540593236376,3234.4643267463234,71.37947900897491
1565,,,,,,,,,,,,,,14249.29748170162,3216.0649422173483,69.58497878166528
1566,,,,,,,,,,,,,,13917.068984375,2519.4999462890623,52.5271875
1567,,,,,,,,,,,,,,16582.72261451656,2828.067527488426,57.11597305689103
1568,,,,,,,,,,,,,,16815.038258962086,3034.070830840606,60.61719189893018
1569,,,,,,,,,,,,,,16523.21966612378,3027.1986533298555,63.86911994859528
1570,,,,,,,,,,,,,,12964.873877514368,3503.3480659572556,82.30213384518679
1571,,,,,,,,,,,,,,13209.16392247817,3283.3356116799746,77.03628360523896
1572,,,,,,,,,,,,,,13145.744459434063,2907.5042200252365,77.14367549935567
1573,,,,,,,,,,,,,,11384.9818643106,2700.4420809359162,76.84984526763091
1574,,,,,,,,,,,,,,11255.733329355908,2054.2209248926097,69.6728813931873
1575,,,,,,,,,,,,,,12074.131614283511,2263.1686642295435,70.6570900364926
1576,,,,,,,,,,,,,,13860.527482774523,2847.0325258043076,73.74798583984375
1577,,,,,,,,,,,,,,14625.259601253094,2599.6355502188403,66.71350943688118
1578,,,,,,,,,,,,,,13580.41809150227,2774.414010671264,67.96573029416899
1579,,,,,,,,,,,,,,15803.593178607049,2789.2979437645445,53.74940263464096
1580,,,,,,,,,,,,,,14560.213844476744,2849.701511116915,57.91614905069041
1581,,,,,,,,,,,,,,14140.423926271986,2838.1800641390546,61.70842002983668
1582,,,,,,,,,,,,,,18585.647590414326,2806.4914298411168,37.908750658356745
1583,,,,,,,,,,,,,,18677.92648481473,2881.0379031755688,38.252113442483584
1584,,,,,,,,,,,,,,19531.798668323863,2711.244089577415,35.20952769886364
1585,,,,,,,,,,,,,,19540.65522115177,2472.032168373543,31.06035712840026
1586,,,,,,,,,,,,,,11760.077306071604,2004.497875303734,74.09720641609252
1587,,,,,,,,,,,,,,12397.919685246394,3335.7991548978366,78.2514404296875
1588,,,,,,,,,,,,,,13400.681957139328,2990.952546975358,77.28341349123023
1589,,,,,,,,,,,,,,10080.08044286521,1271.7958719644203,46.19582784262048
1590,,,,,,,,,,,,,,10094.762963123268,1651.5862526510562,63.769964075484765
1591,,,,,,,,,,,,,,9476.930509471526,1579.3124698359072,73.39035163791023
1592,,,,,,,,,,,,,,5593.754161916578,650.2759163655949,66.97856592006438
1593,,,,,,,,,,,,,,14691.762158703072,2902.711840736988,71.35322898890784
1594,,,,,,,,,,,,,,15813.070431042268,2877.7295465193733,57.73740488394147
1595,,,,,,,,,,,,,,16053.616472271127,2668.24619140625,53.87010343309859
1596,,,,,,,,,,,,,,15048.977860493877,2768.55421762131,56.63114277441897
1597,,,,,,,,,,,,,,15441.542864031328,2811.6915949871413,56.13597963100062
1598,,,,,,,,,,,,,,16770.007394796277,2969.8501250230456,58.809315369192475
1599,,,,,,,,,,,,,,12792.189516022247,2704.7671742584744,70.32757547669492
1600,,,,,,,,,,,,,,15027.726824079242,2974.273140171596,71.63045654296874
1601,,,,,,,,,,,,,,15116.6333156906,3160.8100166612,67.82049886688931
1602,,,,,,,,,,,,,,14462.081745426829,2671.456410265135,71.85774682872386
1603,,,,,,,,,,,,,,14799.636135390883,2885.5673328563325,69.57682936262377
1604,,,,,,,,,,,,,,12306.481512551229,2386.5696120965677,66.35190349641394
1605,,,,,,,,,,,,,,7092.3987883040045,1329.3867456133698,66.61678929004854
1606,,,,,,,,,,,,,,11346.853293678978,2238.6753373579545,58.32867986505682
1607,,,,,,,,,,,,,,10496.567586870337,1734.6268612989738,61.28528014225746
1608,,,,,,,,,,,,,,13699.230063580451,3216.414543855275,72.42421251662235
1609,,,,,,,,,,,,,,14826.069792770128,3199.550100139036,69.86415353548729
1610,,,,,,,,,,,,,,16619.150956970025,3219.286898908944,60.975815536833856
1611,,,,,,,,,,,,,,11289.089389272836,2038.8803433931791,79.73542856069712
1612,,,,,,,,,,,,,,9173.24931640625,1686.9087934570312,82.77046875
1613,,,,,,,,,,,,,,8068.707308008603,1638.697258706035,82.99911437246963
1614,,,,,,,,,,,,,,8483.352417414577,1469.1686466837425,62.30064101697664
1615,,,,,,,,,,,,,,9533.394867044746,1745.168147191653,70.00612379308555
1616,,,,,,,,,,,,,,14112.12683557581,3155.1353646737557,74.02611400462963
1617,,,,,,,,,,,,,,14568.105047663417,3102.9294105086487,61.30459790711009
1618,,,,,,,,,,,,,,15426.89416793783,3174.1770418916967,52.79453794937335
1619,,,,,,,,,,,,,,13748.100695106072,2436.917583186452,36.73202589081555
1620,,,,,,,,,,,,,,14992.53747682733,3119.6415419756354,55.92881686970339
1621,,,,,,,,,,,,,,18431.44990019746,3093.107696197845,44.86954439603365
1622,,,,,,,,,,,,,,18886.18853427896,3119.4052341903075,43.216312056737586
1623,,,,,,,,,,,,,,16888.61417744701,3147.0586010559537,50.57708755455112
1624,,,,,,,,,,,,,,16293.62380843833,3211.351883703581,57.61590657120358
1625,,,,,,,,,,,,,,12351.880584044604,2982.8914327075304,91.95344335077093
1626,,,,,,,,,,,,,,11896.456117691532,2783.7259223340293,90.31800610239056
1627,,,,,,,,,,,,,,11561.030319285504,3092.520436748093,99.83465834066901
1628,,,,,,,,,,,,,,14417.253555072351,3241.219921393935,81.88392857142857
1629,,,,,,,,,,,,,,15396.101141237745,3125.5677705652574,79.15882783777573
1630,,,,,,,,,,,,,,13074.832467743845,2544.1438025272255,82.5068525834517
1631,,,,,,,,,,,,,,11944.948405628922,2167.083629911415,86.01726145724372
1632,,,,,,,,,,,,,,9442.897244361138,1668.2787711851058,81.25089583858367
1633,,,,,,,,,,,,,,11189.011008126396,2423.8158558436803,85.2955823625837
1634,,,,,,,,,,,,,,13167.142691022398,2733.2009206782877,90.82622267882948
1635,,,,,,,,,,,,,,13293.959908931212,2870.6562081060465,90.51023368158285
1636,,,,,,,,,,,,,,6581.501925096771,1699.7449029190664,61.386321929286254
1637,,,,,,,,,,,,,,15700.179867015166,3030.4334662942324,79.16018317727482
1638,,,,,,,,,,,,,,11736.060808683696,2370.2369973534032,63.94455919767681
1639,,,,,,,,,,,,,,15545.276623039668,2988.546725452606,76.3972285084179
1640,,,,,,,,,,,,,,16983.08339373926,3073.5657300391968,74.6810516672036
1641,,,,,,,,,,,,,,15497.44099069149,2810.9416720342974,71.29444398271276
1642,,,,,,,,,,,,,,15313.467998798076,2993.8161898323033,79.12059473729396
1643,,,,,,,,,,,,,,16184.221419270832,3214.2779070818865,78.67268337673612
1644,,,,,,,,,,,,,,15681.656227022058,3261.7283011642157,80.91836511948529
1645,,,,,,,,,,,,,,15196.87747203644,3236.115820853033,78.29699031365314
1646,,,,,,,,,,,,,,16187.903828710207,3380.2609204924506,78.77223599894663
1647,,,,,,,,,,,,,,16976.102066309628,3373.6986519641673,78.11672682475707
1648,,,,,,,,,,,,,,17377.97517664292,3387.594853120692,74.01278686523438
1649,,,,,,,,,,,,,,17289.385001946175,3179.3888386899466,73.76472489435054
1650,,,,,,,,,,,,,,16426.663416142088,3402.7258309563285,73.92232815310251
1651,,,,,,,,,,,,,,17596.153798055308,3380.369406720717,73.38698572392086
1652,,,,,,,,,,,,,,17044.18713604128,3435.0428047883993,76.85690836888837
1653,,,,,,,,,,,,,,15990.370333880363,2732.657910589636,65.17387146357248
1654,,,,,,,,,,,,,,15710.272767069946,2565.5845782719434,66.00415115595611
1655,,,,,,,,,,,,,,15615.287472007329,2814.490854667142,70.1569689026873
1656,,,,,,,,,,,,,,12030.735234734471,1911.5853657166651,60.018202705617334
1657,,,,,,,,,,,,,,6575.560150807856,1661.4805394222863,63.012584957914086
1658,,,,,,,,,,,,,,6380.475941880841,1432.5031487295562,61.44762613171729
1659,,,,,,,,,,,,,,10030.13410877046,2103.0053256806873,59.52781459263393
1660,,,,,,,,,,,,,,10790.48349609375,1708.7582963423295,53.755197975852276
1661,,,,,,,,,,,,,,9890.589723307292,1816.2204248046876,55.275908203125
1662,,,,,,,,,,,,,,11418.159651025237,1935.6544743968109,66.75091494972398
1663,,,,,,,,,,,,,,8357.795544682716,1592.6391597410448,74.5228346221301
1664,,,,,,,,,,,,,,17794.97746433872,2759.1241748175707,46.796551626401715
1665,,,,,,,,,,,,,,18002.037449471394,2626.014727995763,46.34596548507463
1666,,,,,,,,,,,,,,17104.556124281607,3018.959661374147,57.871262122844826
1667,,,,,,,,,,,,,,13569.053332400244,2967.5975791111055,68.16039641439332
1668,,,,,,,,,,,,,,12507.141585657573,2366.5709510828074,66.57675717630293
1669,,,,,,,,,,,,,,11185.383846112543,1873.8648473470892,61.23980649967783
1670,,,,,,,,,,,,,,11437.17156098167,2464.8612867159895,72.2968663731228
1671,,,,,,,,,,,,,,6380.258240963319,1080.8670395201768,55.32254106570513
1672,,,,,,,,,,,,,,8624.225073586047,1563.0463222449935,69.34833365426937
1673,,,,,,,,,,,,,,11704.034127184139,1742.0036756727432,72.35737987231182
1674,,,,,,,,,,,,,,11213.15738753434,1991.1312372116815,74.03651377918956
1675,,,,,,,,,,,,,,10875.088784610523,1456.8438621969783,76.65944716509651
1676,,,,,,,,,,,,,,7757.346759520556,1811.9480198617218,77.51806640625
1677,,,,,,,,,,,,,,8515.326128949177,1679.110582735949,76.23327502575549
1678,,,,,,,,,,,,,,5651.497660524516,921.8838709564723,64.17855804135101
1679,,,,,,,,,,,,,,6990.3456043505485,1604.1315009430164,78.41983428256202
1680,,,,,,,,,,,,,,6375.174555277653,1169.8833788864904,69.54827310026978
1681,,,,,,,,,,,,,,7655.1165708188655,1157.3645614058883,77.77025824652777
1682,,,,,,,,,,,,,,14545.54968094499,2882.732606652665,58.81772059610445
1683,,,,,,,,,,,,,,15806.747518038828,3012.1571413971656,57.11029640780731
1684,,,,,,,,,,,,,,16186.81884323074,2949.630376256845,50.40536194769638
1685,,,,,,,,,,,,,,15831.45244891827,3025.978168864827,59.33436534168956
1686,,,,,,,,,,,,,,16300.06495874168,3013.516717854336,57.786278719027365
1687,,,,,,,,,,,,,,15441.023146244517,2987.3154318290844,59.13156181469298
1688,,,,,,,,,,,,,,13832.12445888832,2961.3219814613217,67.34222912397541
1689,,,,,,,,,,,,,,13568.869259947749,2853.496267238997,66.42943943428456
1690,,,,,,,,,,,,,,14903.527803832636,2953.0643165843467,60.10757919357903
1691,,,,,,,,,,,,,,14603.568061537757,2875.233903901668,58.60345405287757
1692,,,,,,,,,,,,,,15260.825882238352,2819.2668546741716,55.35589551550197
1693,,,,,,,,,,,,,,16766.75436970339,2995.5124932413046,56.66622252383475
1694,,,,,,,,,,,,,,15464.263735816592,2793.0846332368396,59.875758579799104
1695,,,,,,,,,,,,,,15000.765724206349,2895.2930284288195,63.90944940476191
1696,,,,,,,,,,,,,,16859.052804815572,3166.2103435578892,68.39404937243853
1697,,,,,,,,,,,,,,16892.445880800584,3136.9854879219797,66.63622720265468
1698,,,,,,,,,,,,,,16003.382597383086,3152.106683477655,72.02415967821241
1699,,,,,,,,,,,,,,14408.592523619185,2178.061715059502,56.185491517532704
1700,,,,,,,,,,,,,,14761.188470966154,2308.6008265804085,58.51409020191619
1701,,,,,,,,,,,,,,14948.84579190341,2112.4178498008037,51.698326804421164
1702,,,,,,,,,,,,,,14919.144180534056,3251.0587025928794,71.55218864889706
1703,,,,,,,,,,,,,,16081.332543810428,3004.3677877352384,47.18216802270373
1704,,,,,,,,,,,,,,15472.43410326087,3005.8738058338995,54.893797501273774
1705,,,,,,,,,,,,,,16382.978696585464,3126.584820537141,66.97000736321885
1706,,,,,,,,,,,,,,17341.391464501095,3184.9061000890897,75.25538137335526
1707,,,,,,,,,,,,,,17012.026669828276,3147.2832390050917,74.09183431509585
1708,,,,,,,,,,,,,,18208.634254092263,2987.494939479698,69.8956373565051
1709,,,,,,,,,,,,,,16879.509683739325,3030.9674527186044,65.96780073272515
1710,,,,,,,,,,,,,,17492.47374166501,2993.1784605767316,68.02768430284634
1711,,,,,,,,,,,,,,17286.858599494484,2877.679715569644,57.68894264914773
1712,,,,,,,,,,,,,,16950.872200520833,3127.362372233073,62.8200732421875
1713,,,,,,,,,,,,,,17446.02886506165,3107.2571813881805,71.13676359215562
1714,,,,,,,,,,,,,,17141.625688944776,3066.8169296473675,72.0695148624786
1715,,,,,,,,,,,,,,16919.279661148314,3057.3893849206347,78.15450032552083
1716,,,,,,,,,,,,,,16961.01191570378,3026.075703083968,74.81706686580883
1717,,,,,,,,,,,,,,17056.223858173078,3108.479737501878,74.04839383638821
1718,,,,,,,,,,,,,,16276.686131970635,2896.9327042678306,71.9384765625
1719,,,,,,,,,,,,,,15939.006436614372,2727.8978019436363,69.85038627593623
1720,,,,,,,,,,,,,,15875.448629293356,3068.9335563590935,76.86733926309121
1721,,,,,,,,,,,,,,16445.220780019685,3096.108403243418,68.74131666769193
1722,,,,,,,,,,,,,,8822.761307400522,2118.626755055124,63.14693654541801
1723,,,,,,,,,,,,,,11228.529997741283,2272.8763373757706,71.87548828125
1724,,,,,,,,,,,,,,11161.59825670397,2485.239529996305,70.91299685916385
1725,,,,,,,,,,,,,,12842.153081366356,2631.1879588458555,70.86439286901596
1726,,,,,,,,,,,,,,14684.799481260048,2739.1381160821948,67.77644568930869
1727,,,,,,,,,,,,,,15970.88337933754,2789.0571081119383,64.74432854396687
1728,,,,,,,,,,,,,,15952.002037916354,2985.1869700540324,60.171597235217064
1729,,,,,,,,,,,,,,15143.632146944665,2965.7623026659535,67.42031996417198
1730,,,,,,,,,,,,,,16571.77739770373,2209.445226511244,54.6982044198895
1731,,,,,,,,,,,,,,16536.117700114202,2700.0355674769,62.659109933035715
1732,,,,,,,,,,,,,,17170.833481023343,2681.5922037760415,66.17305049189815
1733,,,,,,,,,,,,,,18241.318376470186,2868.7880426653105,41.61740332672319
1734,,,,,,,,,,,,,,17713.970546392746,2866.431712460616,41.416015625
1735,,,,,,,,,,,,,,17519.543152121998,2903.6260117443367,44.352324773130455
1736,,,,,,,,,,,,,,14773.281988618337,2834.520181878569,53.037069717639596
1737,,,,,,,,,,,,,,14046.40737460522,2721.6999901304853,53.074978442902264
1738,,,,,,,,,,,,,,12909.80893018769,2591.0691907929213,63.17130186499619
1739,,,,,,,,,,,,,,12530.035072063578,2797.195966628502,71.41456761853448
1740,,,,,,,,,,,,,,13171.31130323223,2945.1319173177085,65.88283643535539
1741,,,,,,,,,,,,,,11007.394293000167,2436.130155098023,61.260260451575064
1742,,,,,,,,,,,,,,13400.904176136364,2938.953834339489,63.11920632102273
1743,,,,,,,,,,,,,,15334.709691334356,2895.233844780483,53.48815393740414
1744,,,,,,,,,,,,,,17041.992267546106,2878.3280743041323,46.943687564036885
1745,,,,,,,,,,,,,,16109.970356005628,2895.8945867890993,48.05762875814573
1746,,,,,,,,,,,,,,9763.925287224265,1710.6735605277267,77.01879021139706
1747,,,,,,,,,,,,,,7564.902340022662,1283.1175392675036,75.24292924021947
1748,,,,,,,,,,,,,,8030.128618915264,1318.8703585111177,76.78429800180288
1749,,,,,,,,,,,,,,14642.06696104132,2736.3837436409885,67.45700853924419
1750,,,,,,,,,,,,,,13414.508683782527,2538.362631418448,75.22351119598048
1751,,,,,,,,,,,,,,13274.873650568183,2576.5393421519884,71.6280362215909
1752,,,,,,,,,,,,,,15690.57364169034,2960.318809925426,76.88948863636364
1753,,,,,,,,,,,,,,15714.065989774816,2667.4002631692324,70.06904512293198
1754,,,,,,,,,,,,,,16138.580016230193,2651.247646278059,70.19066007372359
1755,,,,,,,,,,,,,,13693.383621651787,2254.1106108165923,59.53646065848214
1756,,,,,,,,,,,,,,13535.485862731934,2210.6583337783813,61.03847694396973
1757,,,,,,,,,,,,,,11367.007404926395,2037.4764197483535,66.38258450090393
1758,,,,,,,,,,,,,,10601.8683671875,1795.227341796875,70.207166015625
1759,,,,,,,,,,,,,,7599.884254979724,1234.0674581163712,55.836774287333014
1760,,,,,,,,,,,,,,14198.508987991898,2428.0863480179396,72.80538194444445
1761,,,,,,,,,,,,,,15075.958625866397,2958.0646053044334,43.45851103160851
1762,,,,,,,,,,,,,,13943.851884813732,2249.8498308654684,34.80345356758005
1763,,,,,,,,,,,,,,10357.129820783286,1464.538758119465,31.257673331891286
1764,,,,,,,,,,,,,,16895.302745774563,3014.2705724100197,84.38527100559338
1765,,,,,,,,,,,,,,17128.73173182464,3072.5173279313017,79.8123325316374
1766,,,,,,,,,,,,,,16531.439369759908,2718.138063756431,62.56969321646341
1767,,,,,,,,,,,,,,12616.561259653376,2333.2248135270743,64.35912665005388
1768,,,,,,,,,,,,,,15695.822641509434,2893.666619066922,74.28717939268869
1769,,,,,,,,,,,,,,17981.374985033526,3058.5284353672773,72.6632879849138
1770,,,,,,,,,,,,,,14015.317767033812,2856.88891201332,77.17466260566086
1771,,,,,,,,,,,,,,14300.961707417875,2786.1269372933552,68.40340863641211
1772,,,,,,,,,,,,,,14779.763423596398,2849.466779495498,70.58918167372882
1773,,,,,,,,,,,,,,15693.633223860232,2886.37998481646,68.78482849957192
1774,,,,,,,,,,,,,,13966.343426552548,2708.509024650428,64.37980817078025
1775,,,,,,,,,,,,,,14274.6986670556,2701.0445596273844,67.21247209821429
1776,,,,,,,,,,,,,,14556.130431516513,2762.5771925297868,68.49082717130017
1777,,,,,,,,,,,,,,15482.16556994547,2823.236010250629,72.0057315698406
1778,,,,,,,,,,,,,,11894.358780570652,2523.9720209944608,71.29663494199414
1779,,,,,,,,,,,,,,13742.371571998074,2668.5927542072454,68.36957037938784
1780,,,,,,,,,,,,,,13780.801423725328,2694.0785442151523,67.08870415938527
1781,,,,,,,,,,,,,,13942.832381338443,2458.3130494809216,60.811953809383425
1782,,,,,,,,,,,,,,13119.490652901786,2402.395513499005,63.930689841323755
1783,,,,,,,,,,,,,,13519.453316285439,2649.918925177191,69.57813003382732
1784,,,,,,,,,,,,,,13140.365224477408,2715.400449185758,69.83675735061233
1785,,,,,,,,,,,,,,13350.846345288826,2548.5772579308714,64.9298251065341
1786,,,,,,,,,,,,,,13955.8860180347,2775.9894488446125,67.76010012936283
1787,,,,,,,,,,,,,,14655.800526224124,2795.6374325114452,67.55371404757166
1788,,,,,,,,,,,,,,14580.17486866918,2901.4261205212824,71.76817079741379
1789,,,,,,,,,,,,,,14734.113379584418,3159.447617424859,76.30886840820312
1790,,,,,,,,,,,,,,14846.358850005874,3081.558141263804,79.11808329417293
1791,,,,,,,,,,,,,,14874.940456922312,3150.408353889131,83.0248634368775
1792,,,,,,,,,,,,,,15304.95069689324,3173.7840172437377,79.62380494589007
1793,,,,,,,,,,,,,,15578.868769157447,2279.323341771176,48.23002602609151
1794,,,,,,,,,,,,,,15715.600975242822,1967.3047086698514,41.4652099609375
1795,,,,,,,,,,,,,,16202.438818549368,2692.3854291745197,56.14892863114056
1796,,,,,,,,,,,,,,17387.87935223917,2517.4095551898786,55.02317990280512
1797,,,,,,,,,,,,,,15263.20014635554,2389.0931257987713,53.736985178924805
1798,,,,,,,,,,,,,,14238.640006287456,3028.832326392605,74.0402915641053
1799,,,,,,,,,,,,,,15325.068291083917,3196.822884512948,75.2659408462631
1800,,,,,,,,,,,,,,14527.549399517951,2918.021250623338,79.47272897273936
1801,,,,,,,,,,,,,,10558.592036265807,2582.792850954523,83.23139021461576
1802,,,,,,,,,,,,,,12434.168654580153,2608.5723010347087,80.04403290493798
1803,,,,,,,,,,,,,,11939.777236827098,2567.3605440237225,80.0952023694115
1804,,,,,,,,,,,,,,11565.34800879964,2009.626483352606,75.74534105652076
1805,,,,,,,,,,,,,,10658.264283493729,1856.1943118613483,76.9679694258218
1806,,,,,,,,,,,,,,9304.547574701997,1852.42037575843,70.44569003704896
1807,,,,,,,,,,,,,,10635.716163227577,2284.907248926527,78.86164122137404
1808,,,,,,,,,,,,,,11524.094125600961,2504.2617954351963,78.40688382662259
1809,,,,,,,,,,,,,,10635.184621936949,2620.300475805341,78.31625137665198
1810,,,,,,,,,,,,,,11833.026876295913,2696.498311842787,75.16899853747037
1811,,,,,,,,,,,,,,14443.654384328358,2475.0737067834657,77.38405506646455
1812,,,,,,,,,,,,,,11047.835835993503,2263.5830034372198,76.76709509408602
1813,,,,,,,,,,,,,,13524.526869520008,2774.405362136072,75.39752592457285
1814,,,,,,,,,,,,,,7527.451404571533,1275.7546200752258,80.61526679992676
1815,,,,,,,,,,,,,,8040.359473398883,1475.6138827827947,78.06723799904942
1816,,,,,,,,,,,,,,10826.98498255606,1771.1505578892832,80.70040031607824
1817,,,,,,,,,,,,,,9249.033644386574,1688.5529816804108,78.38689236111111
1818,,,,,,,,,,,,,,11943.11416330645,2599.4683387236782,72.83155346942205
1819,,,,,,,,,,,,,,11648.631763458252,2696.494432449341,72.64409065246582
1820,,,,,,,,,,,,,,11139.025207985449,2593.649033874046,73.24857242962786
1821,,,,,,,,,,,,,,10639.046574797454,2061.2071650752314,73.40957573784722
1822,,,,,,,,,,,,,,10797.647391703591,2036.7078625123893,74.78838473647389
1823,,,,,,,,,,,,,,10489.745400705646,2084.3011395854332,76.09433869392642
1824,,,,,,,,,,,,,,11299.180642740175,2407.732905891785,74.7198694220797
1825,,,,,,,,,,,,,,11242.089097706545,2419.8154118746647,72.68468557202253
1826,,,,,,,,,,,,,,6105.748330123943,1074.8793476912674,32.44926980353552
1827,,,,,,,,,,,,,,12840.372601677389,2498.984529383042,76.213623046875
1828,,,,,,,,,,,,,,11749.201197574013,2359.8743850593282,75.95580503994361
1829,,,,,,,,,,,,,,7757.355205972686,1373.6468603701992,78.56724117366412
1830,,,,,,,,,,,,,,5368.6249528292265,1000.9616525515564,54.25803241779536
1831,,,,,,,,,,,,,,10244.91134786778,1628.5024665254118,69.88296762184116
1832,,,,,,,,,,,,,,9657.47675709179,1674.9157120257726,73.69606744407288
1833,,,,,,,,,,,,,,12485.501002854568,2992.637507512019,81.44840557391827
1834,,,,,,,,,,,,,,11729.508670241206,2984.0563704922174,83.47045062975285
1835,,,,,,,,,,,,,,13498.820119503458,2962.0442830564475,86.44712859745553
1836,,,,,,,,,,,,,,12962.627319335938,2732.817942301432,90.02723388671875
1837,,,,,,,,,,,,,,13041.874901980716,2847.4112272014404,76.32592319644517
1838,,,,,,,,,,,,,,15949.791641626603,3075.5753214071087,74.17786315247253
1839,,,,,,,,,,,,,,14952.418026706231,2775.682793229553,62.23333033892804
1840,,,,,,,,,,,,,,16010.46875,3071.2546283196225,70.73862459971289
1841,,,,,,,,,,,,,,17409.406182291666,3137.412122395833,63.7704609375
1842,,,,,,,,,,,,,,16289.057840737953,2798.0799125211784,55.70063417733434
1843,,,,,,,,,,,,,,16936.022657498004,3165.1949544790837,64.31431584464856
1844,,,,,,,,,,,,,,16096.53665842412,2990.7733284953174,63.12849412270642
1845,,,,,,,,,,,,,,17077.707481317935,3144.848882614357,61.11619395380435
1846,,,,,,,,,,,,,,18432.20557892628,2918.592352625312,57.948292267628204
1847,,,,,,,,,,,,,,16804.559634391404,2742.9655723271408,58.929431825172244
1848,,,,,,,,,,,,,,17298.064504523027,2966.331345229121,61.39764939692982
1849,,,,,,,,,,,,,,17467.46294723732,2920.472550809556,59.30433508831522
1850,,,,,,,,,,,,,,16899.68861566588,2979.191353021666,59.27164051144622
1851,,,,,,,,,,,,,,16709.332609097633,2921.8765536878236,62.147118562777365
1852,,,,,,,,,,,,,,17463.94326200513,2832.508114632973,59.340480949871704
1853,,,,,,,,,,,,,,17605.72150133327,2964.257371000187,60.65351328592814
1854,,,,,,,,,,,,,,18725.4525390625,3030.0505422881156,61.90652077414773
1855,,,,,,,,,,,,,,17674.93470262097,3026.9223995085686,62.315776209677416
1856,,,,,,,,,,,,,,18148.294757534386,3110.938324073372,63.96587719963592
1857,,,,,,,,,,,,,,17946.90892009494,3083.537876563736,63.442132491099684
1858,,,,,,,,,,,,,,17378.118072411,3095.9308481555927,64.46903443567962
1859,,,,,,,,,,,,,,16425.15161657846,3242.8142693632394,54.76592033140121
1860,,,,,,,,,,,,,,14584.257615339116,3197.799151592074,63.433242557176655
1861,,,,,,,,,,,,,,15416.065722968251,3026.928494096945,62.08824474590655
1862,,,,,,,,,,,,,,13781.217347051057,3226.3675339389856,66.78241740481954
1863,,,,,,,,,,,,,,14709.723308293269,3239.629432091346,61.987139423076925
1864,,,,,,,,,,,,,,14934.319326695584,3055.9124320719143,61.63524158369479
1865,,,,,,,,,,,,,,15508.944872866698,3187.6911837306848,75.31921161496771
1866,,,,,,,,,,,,,,15212.700502337831,3212.5579158898554,78.1723466352983
1867,,,,,,,,,,,,,,14186.642552522238,2868.7338903762875,82.13310327422752
1868,,,,,,,,,,,,,,13033.283396251167,3145.829379409107,79.30506099871735
1869,,,,,,,,,,,,,,5629.600482566427,693.2010610452412,17.189169905066695
1870,,,,,,,,,,,,,,10924.878819907584,3368.9391697829333,52.900959294016765
1871,,,,,,,,,,,,,,13443.412269176137,2805.700792347301,60.11919833096591
1872,,,,,,,,,,,,,,6043.745736771271,1544.7921650349592,86.17022756368172
1873,,,,,,,,,,,,,,6751.794587682505,1872.8076877281314,91.45655897797131
1874,,,,,,,,,,,,,,16087.791143002718,3179.7704345703123,73.9347465183424
1875,,,,,,,,,,,,,,15679.75769862522,3026.213218446334,74.2601917927341
1876,,,,,,,,,,,,,,16038.334414213321,3160.354311202944,78.79615106177606
1877,,,,,,,,,,,,,,16757.232285977952,3190.068285895783,68.05813391231796
1878,,,,,,,,,,,,,,16991.268658854166,3226.496667317708,61.82137890625
1879,,,,,,,,,,,,,,17010.712426134716,2602.0523718459976,51.995859239051626
1880,,,,,,,,,,,,,,15199.164025155354,1946.9769177409476,37.432064019927104
1881,,,,,,,,,,,,,,15606.368737509085,2852.0045705396074,61.19772693722747
1882,,,,,,,,,,,,,,14555.679045376712,3093.072273149882,72.0506374411387
1883,,,,,,,,,,,,,,13548.372733575085,3149.0535442886094,74.89753093003414
1884,,,,,,,,,,,,,,13737.331557329962,3231.7244244743797,79.17637993307675
1885,,,,,,,,,,,,,,15099.455559063676,3103.7678378685973,73.93326884104793
1886,,,,,,,,,,,,,,16542.712051342853,3190.8292692629293,69.68557495507189
1887,,,,,,,,,,,,,,15025.518166055484,3259.8716243821746,73.21415118781887
1888,,,,,,,,,,,,,,14460.554358878968,2931.664133029514,68.15474330357142
1889,,,,,,,,,,,,,,15708.818382161458,2939.029657389323,70.33873046875
1890,,,,,,,,,,,,,,17131.15351403278,2572.633097773013,55.76561438519022
1891,,,,,,,,,,,,,,16455.977555115584,2544.2060239190923,54.740962114726024
1892,,,,,,,,,,,,,,14441.148766942772,2609.847080460514,60.48758118411145
1893,,,,,,,,,,,,,,16137.093421349158,2761.976816813151,63.77140925480769
1894,,,,,,,,,,,,,,15576.634301852075,2979.9648409221163,72.44549348455598
1895,,,,,,,,,,,,,,15694.42437445367,3135.4949157288024,72.94159234320367
1896,,,,,,,,,,,,,,14324.880823354251,3029.058910932697,72.35372974833504
1897,,,,,,,,,,,,,,15211.369499362245,3052.45138412787,71.4914361447704
1898,,,,,,,,,,,,,,14992.5588984375,3006.3515625,70.6790859375
1899,,,,,,,,,,,,,,12329.225053013393,2324.9508666992188,58.265022321428575
1900,,,,,,,,,,,,,,7792.184077520568,1139.992021309586,46.075486251443415
1901,,,,,,,,,,,,,,9758.36871696921,1492.9186425302544,47.77469051585478
1902,,,,,,,,,,,,,,5699.955202551882,932.5102433016862,61.07637736788127
1903,,,,,,,,,,,,,,6000.572627527574,1199.1041690602021,58.018083639705885
1904,,,,,,,,,,,,,,6296.125606725712,1146.1291751672725,65.05432733214728
1905,,,,,,,,,,,,,,6554.4527097687005,1232.7819199449434,67.17011026697834
1906,,,,,,,,,,,,,,6232.830044237973,923.2265332339314,59.46169533714511
1907,,,,,,,,,,,,,,17232.782030627986,2630.2449702366143,70.89612827179538
1908,,,,,,,,,,,,,,16885.342369463804,2838.246202647257,73.2204256126349
1909,,,,,,,,,,,,,,16783.966429773038,2821.400276573905,74.5025091240876
1910,,,,,,,,,,,,,,15332.47002704327,2915.5938174374455,78.33415851726399
1911,,,,,,,,,,,,,,15308.591748786695,3062.5073408647017,78.6484208540483
1912,,,,,,,,,,,,,,15552.272988902385,3028.1945714512476,72.60449908900176
1913,,,,,,,,,,,,,,15324.07291320368,3164.0779492533798,74.23426072140957
1914,,,,,,,,,,,,,,15243.423857060185,3168.4897144458914,71.89473741319445
1915,,,,,,,,,,,,,,16338.745925377156,3066.761812407395,75.23614291487068
1916,,,,,,,,,,,,,,17617.92265132098,3073.6751443279277,74.7392670544164
1917,,,,,,,,,,,,,,17075.67409515381,3000.7972383499146,74.45280647277832
1918,,,,,,,,,,,,,,16325.721702938989,3020.917028725553,74.44777383609694
1919,,,,,,,,,,,,,,18380.808452730143,2950.6996911665165,70.03420084047833
1920,,,,,,,,,,,,,,17161.299207679655,2877.1841858157263,69.36835186298077
1921,,,,,,,,,,,,,,17923.673138786766,3057.444308319782,75.81326666784503
1922,,,,,,,,,,,,,,17094.41868167776,3280.183072050261,82.5439174637595
1923,,,,,,,,,,,,,,16375.53400735294,3269.0777803308824,85.7777458639706
1924,,,,,,,,,,,,,,16269.857406616211,3360.4466876983643,84.55124473571777
1925,,,,,,,,,,,,,,12367.545447716346,2831.9931478433678,69.45310792722903
1926,,,,,,,,,,,,,,13757.547794315733,2891.1662841796874,69.7800191945043
1927,,,,,,,,,,,,,,15444.285166248934,3009.4005164449127,65.72068979308874
1928,,,,,,,,,,,,,,16727.99253350062,3228.261941063483,68.81066166959852
1929,,,,,,,,,,,,,,15082.704052921456,3106.87293930346,69.34754400143679
1930,,,,,,,,,,,,,,12004.377060308689,2169.5246567144627,81.4633193597561
1931,,,,,,,,,,,,,,11500.469779240146,2175.297001628955,82.11043665715768
1932,,,,,,,,,,,,,,11876.393038841987,2378.020513719128,79.57947368006552
1933,,,,,,,,,,,,,,12224.300516683266,2346.5422090933143,79.23887847049303
1934,,,,,,,,,,,,,,12766.77220904638,2375.1404942103795,78.90693010602679
1935,,,,,,,,,,,,,,12294.506546442688,2493.009518589427,78.01555745121047
1936,,,,,,,,,,,,,,12728.54978867828,2527.330955630443,83.72593013575819
1937,,,,,,,,,,,,,,13334.561456764559,2343.8346550263554,80.3756000564759
1938,,,,,,,,,,,,,,12139.064557343132,2090.639829854249,78.89995831274703
1939,,,,,,,,,,,,,,12542.783959295963,2282.212963772191,77.74490629559826
1940,,,,,,,,,,,,,,12934.053022285856,2257.6840163759025,73.16446907681772
1941,,,,,,,,,,,,,,12989.568078243372,2418.1836769797587,75.08642023259944
1942,,,,,,,,,,,,,,12815.376227250958,2652.3889356591235,77.25040409482759
1943,,,,,,,,,,,,,,13843.331775397832,2506.2952443928734,73.70827807887454
1944,,,,,,,,,,,,,,14508.19794711106,2603.90065496431,73.44640147257195
1945,,,,,,,,,,,,,,14099.005151622387,2505.450769510834,73.16377497550087
1946,,,,,,,,,,,,,,11982.226228315114,1793.20160863608,75.29226696173954
1947,,,,,,,,,,,,,,6949.386991656439,876.7580618037198,62.35228238293051
1948,,,,,,,,,,,,,,14081.985394839836,2236.644325917856,43.75097374006503
1949,,,,,,,,,,,,,,14531.841839868317,2957.1408008119597,65.91358803803067
1950,,,,,,,,,,,,,,17608.92774537852,2836.3890556227993,56.02211570202465
1951,,,,,,,,,,,,,,16155.867378928444,2528.191877191717,53.77795132723722
1952,,,,,,,,,,,,,,16499.731313344593,2745.900287250141,57.521713119369366
1953,,,,,,,,,,,,,,16858.722162441038,2914.536784161262,61.20772774174528
1954,,,,,,,,,,,,,,17468.68137801996,2660.1937895275296,56.51733603597689
1955,,,,,,,,,,,,,,17646.663289954737,2743.7756490468314,58.17396821683496
1956,,,,,,,,,,,,,,15459.29171450679,2852.472735030202,61.454341803115014
1957,,,,,,,,,,,,,,17054.400253249234,2840.3367378631497,60.20212603927752
1958,,,,,,,,,,,,,,16657.18502932768,2759.494176822506,61.22490049536672
1959,,,,,,,,,,,,,,16175.231525700267,2831.3742668337936,61.840312678639485
1960,,,,,,,,,,,,,,16337.743071316341,2662.7697440206007,59.03546585850209
1961,,,,,,,,,,,,,,15657.527943806475,2850.7184132035954,62.35044327701431
1962,,,,,,,,,,,,,,16139.982784845133,2782.9480225329553,63.423901583241154
1963,,,,,,,,,,,,,,16964.911483722146,3013.517258497998,54.713117764188716
1964,,,,,,,,,,,,,,17369.031472578346,3164.8898424979966,56.13288762019231
1965,,,,,,,,,,,,,,17369.340952997623,2904.90928251847,52.64702174974524
1966,,,,,,,,,,,,,,15754.858958597715,2604.8160102960424,52.89988747223985
1967,,,,,,,,,,,,,,14520.096736934267,3040.7383805899785,70.4528875942888
1968,,,,,,,,,,,,,,16399.818901265764,3000.47395084732,63.68911987666914
1969,,,,,,,,,,,,,,16571.162138097425,3022.19435747932,61.51238223805147
1970,,,,,,,,,,,,,,16421.45142572152,3095.704819052227,61.40232583142202
1971,,,,,,,,,,,,,,16950.885709957714,2882.613643835087,59.032768022896036
1972,,,,,,,,,,,,,,17239.357534917606,2700.8643967607013,56.83722335962621
1973,,,,,,,,,,,,,,17122.578487620634,2845.157621495864,59.60820276596967
1974,,,,,,,,,,,,,,16928.95064742477,3023.9064679181133,61.307378472222226
1975,,,,,,,,,,,,,,16797.653817923965,3140.6492134628784,62.322425793690286
1976,,,,,,,,,,,,,,16366.568302107446,3209.29389482663,62.18865288628472
1977,,,,,,,,,,,,,,17494.97090644716,3192.038481799586,61.18662509858044
1978,,,,,,,,,,,,,,17256.784511292833,3398.552554121641,63.807037638726634
1979,,,,,,,,,,,,,,13522.33895158179,2989.910398930679,62.81132902922454
1980,,,,,,,,,,,,,,16442.484914679277,3061.852464374743,62.70071892989309
1981,,,,,,,,,,,,,,15200.277582524897,2502.5582993056746,53.91309935182006
1982,,,,,,,,,,,,,,15754.4426241788,2521.0809645219283,54.64861783114347
1983,,,,,,,,,,,,,,15353.177758487655,2908.0566903573495,60.882057472511576
1984,,,,,,,,,,,,,,17074.82888067336,3311.9351792108446,52.25391060965402
1985,,,,,,,,,,,,,,15952.21893731087,2623.3247420383786,42.871612037360336
1986,,,,,,,,,,,,,,16369.010971531723,3138.241121542574,47.32102272727273
1987,,,,,,,,,,,,,,17862.788781540025,3222.556048683113,49.31013789696926
1988,,,,,,,,,,,,,,17902.100067067866,2993.095671970164,43.58050862819025
1989,,,,,,,,,,,,,,17084.769452184766,3057.655301217177,49.50564782207331
1990,,,,,,,,,,,,,,15236.738634224397,3061.5594614787274,57.41936299887048
1991,,,,,,,,,,,,,,14479.454521561676,2490.8659349104346,47.392897633575195
1992,,,,,,,,,,,,,,17340.334989944306,2866.7115530889027,52.31266920637376
1993,,,,,,,,,,,,,,15089.086328125,3007.7023109310962,55.74318327356557
1994,,,,,,,,,,,,,,14330.795512537803,3094.188713812059,66.88370833858367
1995,,,,,,,,,,,,,,10505.543424187219,1903.9256766965036,80.75436606642377
1996,,,,,,,,,,,,,,14534.471308273565,3029.26107277792,62.52043417008197
1997,,,,,,,,,,,,,,17005.67605687348,2985.953360230383,50.58569870552007
1998,,,,,,,,,,,,,,17222.881682095463,3097.9594609508777,67.09727331710188
1999,,,,,,,,,,,,,,15702.456685965402,2847.7049595424105,73.21321498325892
2000,,,,,,,,,,,,,,17027.476459867634,3033.982277256668,68.1330177647293
2001,,,,,,,,,,,,,,17091.709957756513,2999.6811825631107,68.28246513640065
2002,,,,,,,,,,,,,,16817.98591049538,3085.5423674261456,66.67046510751608
2003,,,,,,,,,,,,,,17235.562187744905,2741.3170200455525,63.33273535462382
2004,,,,,,,,,,,,,,17200.72762889466,2859.945127764512,64.03585317368324
2005,,,,,,,,,,,,,,15968.22008195708,2991.4031379796284,64.17821647547468
2006,,,,,,,,,,,,,,15504.615685096154,2943.588330078125,69.62268479567308
2007,,,,,,,,,,,,,,13868.939577132936,3103.587654234871,73.52687406994048
2008,,,,,,,,,,,,,,12616.51484518086,2643.9243977864585,82.69845145089286
2009,,,,,,,,,,,,,,13506.065819634332,3289.1067920260957,74.21884155273438
2010,,,,,,,,,,,,,,12437.027441756272,3100.8233786962364,77.13850911458333
2011,,,,,,,,,,,,,,12555.67618075284,2597.7440416029285,76.0098407451923
2012,,,,,,,,,,,,,,11041.716674804688,2204.9720713297525,78.11177571614583
2013,,,,,,,,,,,,,,11181.787417941623,2478.340044657389,73.26953125
2014,,,,,,,,,,,,,,15107.700985863095,3042.6042898995534,74.39827008928572
2015,,,,,,,,,,,,,,13640.552384918812,2667.486924115349,79.47772575827206
2016,,,,,,,,,,,,,,15324.303962755503,2358.021994152909,69.96283534787736
2017,,,,,,,,,,,,,,14590.751122219279,2484.5398917505295,68.92248742055085
2018,,,,,,,,,,,,,,13523.800998900293,2554.8411739942267,73.69472112124267
2019,,,,,,,,,,,,,,14533.931827860668,3086.4387785259046,83.75575657894737
2020,,,,,,,,,,,,,,10667.263566758898,2077.6457358466255,72.92116292317708
2021,,,,,,,,,,,,,,6018.24801509338,1149.5198874388925,44.65820601423817
2022,,,,,,,,,,,,,,8350.352995277519,1678.6251176976446,71.97390829057836
2023,,,,,,,,,,,,,,10275.120414240731,2114.6756410780063,74.53773875653518
2024,,,,,,,,,,,,,,9567.582749640804,1872.8739738610514,75.91986013829023
2025,,,,,,,,,,,,,,9761.017720734128,1952.38116203187,63.90244140625
2026,,,,,,,,,,,,,,14879.95034684806,2714.469677734375,71.20178643588362
2027,,,,,,,,,,,,,,15404.383265653103,2876.9020021287656,67.89859557666367
2028,,,,,,,,,,,,,,16334.261728200605,3471.6048111454134,60.110935924899195
2029,,,,,,,,,,,,,,9442.961974261558,2253.218697325824,58.274032801797944
2030,,,,,,,,,,,,,,7992.1233525470025,1704.2967162093496,77.6541182355183
2031,,,,,,,,,,,,,,6645.517931099397,1507.7299525249434,76.91332713667168
2032,,,,,,,,,,,,,,8612.458520009566,1511.5624671157525,77.8271185427296
2033,,,,,,,,,,,,,,11045.545215050211,1703.4004837907141,42.491317265129496
2034,,,,,,,,,,,,,,11468.792596846664,1510.6141104426408,48.21850838932966
2035,,,,,,,,,,,,,,8591.386916989526,1397.474176973348,53.32524187883175
2036,,,,,,,,,,,,,,7922.326161833226,1066.4100942734274,49.269288992207585
2037,,,,,,,,,,,,,,16141.825282991485,2740.766885763351,68.3267886513158
2038,,,,,,,,,,,,,,13274.548440867457,2253.435136887123,74.09479727909483
2039,,,,,,,,,,,,,,16956.570803687686,2856.384294055757,59.731297084263396
2040,,,,,,,,,,,,,,17687.98445991848,2828.734557574728,53.881763756793475
2041,,,,,,,,,,,,,,9051.656392268997,2230.5892219817897,76.55149083857914
2042,,,,,,,,,,,,,,8463.013301389226,1798.8668070396097,76.90418857915856
2043,,,,,,,,,,,,,,8321.815946247587,1673.162605668587,75.4632695614141
2044,,,,,,,,,,,,,,7874.505585186298,1651.9515991210938,76.71224459134615
2045,,,,,,,,,,,,,,11624.137377731198,2059.790486653646,72.6975633574695
2046,,,,,,,,,,,,,,13153.222706514247,2665.351151410271,74.1140495749081
2047,,,,,,,,,,,,,,14448.5932421875,2749.5841540527344,66.7135400390625
2048,,,,,,,,,,,,,,14998.331665826612,2519.6035652406754,53.28645570816532
2049,,,,,,,,,,,,,,15987.53301420666,2834.5318443661645,55.741550990513396
2050,,,,,,,,,,,,,,14329.844363592367,2703.305498421368,57.788159395741154
2051,,,,,,,,,,,,,,12015.40770590087,2507.424790378892,66.87673849587912
2052,,,,,,,,,,,,,,11408.952390417588,2506.8839500224694,67.86777948700221
2053,,,,,,,,,,,,,,13409.631871448864,2730.022049227628,67.94983354048296
2054,,,,,,,,,,,,,,8594.83675370445,1538.816089137454,75.6649796038976
2055,,,,,,,,,,,,,,7808.281350528493,1702.663932351505,69.65983671300552
2056,,,,,,,,,,,,,,15373.873582175926,2888.971012369792,67.497314453125
2057,,,,,,,,,,,,,,16181.819526646676,3134.734519675926,70.7448607165404
2058,,,,,,,,,,,,,,12713.830359755384,2422.05389747191,79.38736613412921
2059,,,,,,,,,,,,,,15210.998213098404,3339.740183172255,72.62638321618542
2060,,,,,,,,,,,,,,15243.797228784619,3152.744936640391,65.71675886508234
2061,,,,,,,,,,,,,,15514.077659970239,2999.974902925037,68.8166024344308
2062,,,,,,,,,,,,,,16667.714390345984,3056.8311688311687,65.5301894150771
2063,,,,,,,,,,,,,,13472.418162885919,2357.7314710502164,66.33841420368977
2064,,,,,,,,,,,,,,15795.659737158401,3159.5252087550607,63.78468773722166
2065,,,,,,,,,,,,,,13465.805953076324,2798.7408808532905,62.45389621057243
2066,,,,,,,,,,,,,,13108.557262073864,2613.022786696985,59.531194155516864
2067,,,,,,,,,,,,,,13255.155612182618,2984.667147064209,63.679151916503905
2068,,,,,,,,,,,,,,14264.10212191358,3077.4663164303624,65.89812282986111
2069,,,,,,,,,,,,,,12934.315825437317,2853.0735099948183,61.41147304345846
2070,,,,,,,,,,,,,,14373.769107680722,3056.4749594079444,66.71358186652861
2071,,,,,,,,,,,,,,12324.028254828718,2938.9963599558127,63.523145670098394
2072,,,,,,,,,,,,,,13517.796159550468,2877.801297600894,57.8569962608623
2073,,,,,,,,,,,,,,15043.273646763393,3212.801968417325,65.2039057134272
2074,,,,,,,,,,,,,,12176.880453601108,2625.1370075257532,69.65468371277701
2075,,,,,,,,,,,,,,13017.038699858369,2873.872360854121,58.838194729989034
2076,,,,,,,,,,,,,,15016.668159370307,3145.697785431916,64.98052153716216
2077,,,,,,,,,,,,,,14251.241004257607,2989.998754107763,59.85206628224206
2078,,,,,,,,,,,,,,14608.390009673785,3160.8985783209246,65.05370634551332
2079,,,,,,,,,,,,,,15847.035124087763,3173.9392287202936,62.79233427675898
2080,,,,,,,,,,,,,,16220.967341352301,2878.780714888707,56.449533447890026
2081,,,,,,,,,,,,,,16748.37693741622,2831.272278977463,58.17758906878351
2082,,,,,,,,,,,,,,15447.426807892629,2694.594310271434,55.88194486177885
2083,,,,,,,,,,,,,,15027.029514194543,2745.088943524428,59.90706288512324
2084,,,,,,,,,,,,,,14352.45906708931,2709.4740417146945,54.95285684554303
2085,,,,,,,,,,,,,,15948.147844503012,2569.8171380835843,57.66110692771084
2086,,,,,,,,,,,,,,13217.95675558371,3106.7316278681024,66.08957101632883
2087,,,,,,,,,,,,,,10921.478138316761,2105.1762024850555,73.38264049183239
2088,,,,,,,,,,,,,,11848.713151538645,2474.484689960043,73.00013045682252
2089,,,,,,,,,,,,,,11180.923365235789,1791.0806882409056,29.59746489653716
2090,,,,,,,,,,,,,,15788.455953438544,2907.06990097199,64.75951740175586
2091,,,,,,,,,,,,,,15481.601220370962,3002.177061742666,67.16576151945154
2092,,,,,,,,,,,,,,13419.843514163478,2858.105003720238,66.61453683035714
2093,,,,,,,,,,,,,,18373.07357980948,1627.492919014289,18.520059465032528
2094,,,,,,,,,,,,,,19241.615708747187,2077.657086373805,25.3757759791979
2095,,,,,,,,,,,,,,19155.676407921124,1976.4768551641182,26.340501754679146
2096,,,,,,,,,,,,,,17937.799279173476,2828.797864328023,46.18912441278595
2097,,,,,,,,,,,,,,10057.642739207475,2488.8540022283078,66.97542485502578
2098,,,,,,,,,,,,,,11394.44308904628,2495.5815032642195,70.45257758434256
2099,,,,,,,,,,,,,,11353.769101424956,2467.2220613721393,69.43364017110476
2100,,,,,,,,,,,,,,12613.31277657889,2683.4495243526007,68.68993457714161
2101,,,,,,,,,,,,,,13143.944815942798,2714.3051964711335,68.43293663930085
2102,,,,,,,,,,,,,,14463.912350171233,3081.172878317637,72.01287758187073
2103,,,,,,,,,,,,,,15120.651138560828,2924.1843249470894,65.05073715771321
2104,,,,,,,,,,,,,,16176.23001781604,3120.7133311847115,71.99217366766997
2105,,,,,,,,,,,,,,16524.290914481026,3174.302223423549,72.18951939174107
2106,,,,,,,,,,,,,,16973.914099512574,3429.0500068330903,78.14724242096392
2107,,,,,,,,,,,,,,16901.039649714054,3023.5656259574143,72.39295151654412
2108,,,,,,,,,,,,,,17137.12262961648,2409.7797518643465,59.00009321732954
2109,,,,,,,,,,,,,,16904.92655617409,2903.4065000711666,64.46764889612854
2110,,,,,,,,,,,,,,15204.671703923357,2877.4772975949477,67.23621050980839
2111,,,,,,,,,,,,,,16384.732924517462,2874.677562040441,69.7490036908318
2112,,,,,,,,,,,,,,11758.547112926137,3036.7945738636363,85.07956321022728
2113,,,,,,,,,,,,,,14402.32210664971,3262.1749523074127,87.05542559956395
2114,,,,,,,,,,,,,,15115.15373482464,2925.869878316097,75.45305825651978
2115,,,,,,,,,,,,,,14896.458348393016,3576.5401337647354,78.89632277302046
2116,,,,,,,,,,,,,,15330.625517651551,3547.9997613663063,82.85635353031014
2117,,,,,,,,,,,,,,15881.471757295116,3144.8278719668356,73.46129805204885
2118,,,,,,,,,,,,,,15330.17759448175,1998.9427424659414,50.001101659349175
2119,,,,,,,,,,,,,,15990.300546621347,2901.687576095779,70.42670074066558
2120,,,,,,,,,,,,,,13291.343740331064,2772.77177283158,72.61492013459159
2121,,,,,,,,,,,,,,15177.702598077787,3178.7559366569244,75.19930832677608
2122,,,,,,,,,,,,,,14801.360061233108,3199.2790840767525,71.09196018528294
2123,,,,,,,,,,,,,,16313.057940439896,3382.7734723772323,72.77966946591899
2124,,,,,,,,,,,,,,9617.276560323817,1871.5660645211308,63.560174203516716
2125,,,,,,,,,,,,,,9532.056941454624,2108.111979670569,69.30295054905186
2126,,,,,,,,,,,,,,9797.416360700088,2183.373141339305,70.16601044887368
2127,,,,,,,,,,,,,,12250.484449446469,2767.822519618834,70.35298355170964
2128,,,,,,,,,,,,,,11237.343153211805,2697.46824476454,67.26357523600261
2129,,,,,,,,,,,,,,11080.257362583705,2324.728972516741,73.20531005859375
2130,,,,,,,,,,,,,,12794.109878077652,2574.4721661191998,73.4660977450284
2131,,,,,,,,,,,,,,11619.329054716329,2581.3631587292434,73.5699665590406
2132,,,,,,,,,,,,,,10011.277380601416,2529.653730284493,73.39693027712264
2133,,,,,,,,,,,,,,11503.339052017125,2334.4025478901835,54.30556475105932
2134,,,,,,,,,,,,,,13053.319118632708,1981.8682714058311,51.592609804373325
2135,,,,,,,,,,,,,,13826.385336232739,2425.4551405795787,57.134160951126454
2136,,,,,,,,,,,,,,13165.896071096198,2386.0990774698766,58.781323471786834
2137,,,,,,,,,,,,,,16468.468578125,3160.348382161458,56.9295234375
2138,,,,,,,,,,,,,,16493.582586348683,3064.835200580798,51.97088687294408
2139,,,,,,,,,,,,,,16318.35817113416,3136.5773743377335,59.96209085398707
2140,,,,,,,,,,,,,,14745.199661300981,3131.419772145251,63.184924353285496
2141,,,,,,,,,,,,,,13843.704742164724,3183.490541152287,59.222676179846935
2142,,,,,,,,,,,,,,14833.04764311495,3005.4143209178546,57.16516755756579
2143,,,,,,,,,,,,,,15078.425577799479,3246.9762048965845,66.52391169621394
2144,,,,,,,,,,,,,,15083.232424451682,2971.848771309161,54.484511564149074
2145,,,,,,,,,,,,,,15459.225008156902,2932.848336558331,51.50980301080337
2146,,,,,,,,,,,,,,16121.806271184689,3144.8303261408732,53.228736514136905
2147,,,,,,,,,,,,,,14902.057060007668,3180.7286264618483,63.663641619536044
2148,,,,,,,,,,,,,,14358.609542183254,3061.6375460417376,53.575764531674594
2149,,,,,,,,,,,,,,14406.515545047514,3091.861695049799,60.130799410635966
2150,,,,,,,,,,,,,,15399.961294383305,2846.4939313616073,50.90961281405731
2151,,,,,,,,,,,,,,16063.717493550428,3095.9399528146905,54.09463073160047
2152,,,,,,,,,,,,,,14510.186718256786,2900.5273529977508,53.08926669034091
2153,,,,,,,,,,,,,,17359.85439196748,3061.711079089909,47.93071883390513
2154,,,,,,,,,,,,,,17261.71989176258,3038.0972861181745,46.95597104188972
2155,,,,,,,,,,,,,,16897.74172036479,2678.9285600316807,39.40981887456939
2156,,,,,,,,,,,,,,17330.883713443724,2705.156998085765,38.975230529245025
2157,,,,,,,,,,,,,,16262.943067055849,2976.3200488714315,47.41661217260255
2158,,,,,,,,,,,,,,16829.23932773344,2985.0578426825405,47.43085401439439
2159,,,,,,,,,,,,,,17532.617163542276,1976.288214781574,23.94692166052132
2160,,,,,,,,,,,,,,17236.83831146409,2134.357022448798,27.670410830671617
2161,,,,,,,,,,,,,,12111.320102624726,2583.7348429361978,89.26299727590461
2162,,,,,,,,,,,,,,12508.706453804349,2342.5723813264267,89.05722019361413
2163,,,,,,,,,,,,,,12425.825089075575,2372.3298676941686,87.0781944626046
2164,,,,,,,,,,,,,,14099.054704051907,2895.208228159759,86.41464595471399
2165,,,,,,,,,,,,,,13407.204975544906,2777.7294029428176,87.17069122570904
2166,,,,,,,,,,,,,,10124.315307122975,2147.508966484533,85.46740574392713
2167,,,,,,,,,,,,,,9426.052232583992,2082.0142880164585,83.06577129137845
2168,,,,,,,,,,,,,,8858.171009410511,1895.8860506924716,87.62315784801136
2169,,,,,,,,,,,,,,8096.74615502451,2128.455943627451,80.36502757352942
2170,,,,,,,,,,,,,,7314.828907993861,1165.6615203857423,67.55143171037946
2171,,,,,,,,,,,,,,7556.046096632841,1403.1793645316825,78.3702595277906
2172,,,,,,,,,,,,,,7709.859709259647,1539.2513939774276,76.68924994756712
2173,,,,,,,,,,,,,,10210.791309328008,2314.7554931640625,82.3010235549812
2174,,,,,,,,,,,,,,10226.782624135376,2744.385326279953,82.73457764636858
2175,,,,,,,,,,,,,,12509.999408922697,3047.251350116013,75.75688366423873
2176,,,,,,,,,,,,,,12999.280074295342,3137.668345971201,81.39396829044118
2177,,,,,,,,,,,,,,12437.502400536894,3176.9196562241877,82.2014880747522
2178,,,,,,,,,,,,,,17518.369969537467,3213.142923289332,61.116195395391244
2179,,,,,,,,,,,,,,13746.386890552661,3579.5688845787517,65.78516529224537
2180,,,,,,,,,,,,,,14766.614174700799,3409.842509261018,65.06684555471125
2181,,,,,,,,,,,,,,13525.029756030703,3529.4951600191885,69.83606085526316
2182,,,,,,,,,,,,,,12170.940983408505,2857.304148880477,66.5852931701031
2183,,,,,,,,,,,,,,11921.455767069778,3112.324064071864,66.16842191513271
2184,,,,,,,,,,,,,,11176.180299192994,2635.0086343506755,61.95415521978022
2185,,,,,,,,,,,,,,14449.622042209981,2690.65211980806,73.38298111510791
2186,,,,,,,,,,,,,,12988.42889743381,2329.179207695855,73.64083353678386
2187,,,,,,,,,,,,,,12097.716351537052,2447.9139591179764,70.83554464831026
2188,,,,,,,,,,,,,,11646.044685666742,2152.6319306852156,70.5197039993231
2189,,,,,,,,,,,,,,10965.928868343955,1793.9207864058644,66.75870232833059
2190,,,,,,,,,,,,,,8918.88431125217,1727.7240626017253,70.67418924967448
2191,,,,,,,,,,,,,,8154.146235859095,1532.4400941035226,72.91845703125
2192,,,,,,,,,,,,,,8834.980750189887,1605.8672977023655,68.98610941569011
2193,,,,,,,,,,,,,,17064.09357902912,3155.2705099858586,60.02518053366098
2194,,,,,,,,,,,,,,14999.090171784508,2644.713370422599,78.29389629584942
2195,,,,,,,,,,,,,,11450.144400529036,2347.6580685593012,79.72657211183564
2196,,,,,,,,,,,,,,11708.87707901001,2489.358130455017,79.30179977416992
2197,,,,,,,,,,,,,,12572.261489733131,2517.925795293487,78.27742585038717
2198,,,,,,,,,,,,,,11589.870763769977,2560.7131035512984,79.63664517337328
2199,,,,,,,,,,,,,,16433.279606410437,3041.5736836024694,70.1912841796875
2200,,,,,,,,,,,,,,16443.946338598278,2980.535258859828,64.36039402173913
2201,,,,,,,,,,,,,,16615.07507542759,2548.7229147518383,56.128107017263424
2202,,,,,,,,,,,,,,16716.818960917364,2841.6750293220443,61.219029377416234
2203,,,,,,,,,,,,,,17751.89318647541,3028.7642265945183,64.00243820440573
2204,,,,,,,,,,,,,,18178.10715095766,2966.0159967237905,64.41040826612904
2205,,,,,,,,,,,,,,17761.083984375,3006.8049104451366,62.845678004421224
2206,,,,,,,,,,,,,,14926.101930660943,2842.942595753045,63.680394181809106
2207,,,,,,,,,,,,,,14768.073436871986,2901.4778043986134,63.10085755375804
2208,,,,,,,,,,,,,,12923.987883847594,2426.310123094625,53.233151986395896
2209,,,,,,,,,,,,,,15014.81267335429,2725.987309382512,56.56316019092086
2210,,,,,,,,,,,,,,15218.65966944392,2864.501950912245,59.617861652662384
2211,,,,,,,,,,,,,,14318.888560353973,2803.9543841326677,63.78785536024306
2212,,,,,,,,,,,,,,15137.79123840332,2903.3346893310545,63.310551452636716
2213,,,,,,,,,,,,,,11997.822215046066,2362.7769104247072,76.41468306461654
2214,,,,,,,,,,,,,,8315.386397151104,2126.4053013813063,79.93285250376506
2215,,,,,,,,,,,,,,6566.771958399863,2050.413197315522,77.58859809819799
2216,,,,,,,,,,,,,,7178.277449972587,1233.530592961897,70.6445158305921
2217,,,,,,,,,,,,,,11879.18754682149,2025.8214203298908,80.36041008936216
2218,,,,,,,,,,,,,,7866.386600487385,1288.279331704236,43.67646932339449
2219,,,,,,,,,,,,,,18210.035225591717,3009.772887822439,57.98850083210059
2220,,,,,,,,,,,,,,17794.016745350844,3026.274358644076,61.16785791315184
2221,,,,,,,,,,,,,,13759.078191583807,3141.019883589311,81.05365545099431
2222,,,,,,,,,,,,,,14595.4626150098,3189.183817474684,73.89358871406795
2223,,,,,,,,,,,,,,6865.861398702526,1155.8123408404774,59.37188882743363
2224,,,,,,,,,,,,,,8477.252209247987,1301.7432853839148,56.22391589580138
2225,,,,,,,,,,,,,,9953.373872586382,1419.0226038490853,55.96105262322155
2226,,,,,,,,,,,,,,9788.243841355847,1390.2289077594717,53.51536904611895
2227,,,,,,,,,,,,,,17885.87733659195,3189.0221375470387,54.61065194494437
2228,,,,,,,,,,,,,,12801.558153813428,2610.6493500058014,58.46979847520885
2229,,,,,,,,,,,,,,17311.87998765817,3081.1001388456193,61.53653571942101
2230,,,,,,,,,,,,,,17987.15876032282,3045.096743471988,59.00158801379504
2231,,,,,,,,,,,,,,16797.642505903335,3149.0115248505326,65.26318830385853
2232,,,,,,,,,,,,,,14919.04652399355,2895.339919338023,70.6183395657251
2233,,,,,,,,,,,,,,15960.919134424603,2865.951343936012,65.22888764880952
2234,,,,,,,,,,,,,,15421.002935927516,2891.631609736921,66.2655766398762
2235,,,,,,,,,,,,,,15361.214840619992,2828.9286686823916,64.32963209885817
2236,,,,,,,,,,,,,,14164.397016455565,3051.6184763353926,67.6473798276578
2237,,,,,,,,,,,,,,15619.179304084522,2901.772232362888,65.43923520081795
2238,,,,,,,,,,,,,,14794.620393880208,3020.572755533854,70.460009765625
2239,,,,,,,,,,,,,,15101.396497844828,3227.166421403556,74.49007778825431
2240,,,,,,,,,,,,,,15999.506349216254,3140.9405654078473,69.25236496605432
2241,,,,,,,,,,,,,,17089.29452183735,3155.507513207125,65.45179987528238
2242,,,,,,,,,,,,,,17256.661940666527,2963.568899566549,62.6114611451412
2243,,,,,,,,,,,,,,17265.553841145833,3142.3912242542615,60.306267755681816
2244,,,,,,,,,,,,,,17127.645008109466,3166.253771330181,58.79629248903509
2245,,,,,,,,,,,,,,17759.511748614295,2973.600117068043,55.613756092316514
2246,,,,,,,,,,,,,,15634.141719608517,2876.643831022493,58.808352292239015
2247,,,,,,,,,,,,,,12684.50430315698,1626.158552560193,30.90994423314145
2248,,,,,,,,,,,,,,13073.596981316896,1551.6384911960054,29.099826637758028
2249,,,,,,,,,,,,,,11953.715386284723,1550.6110011949856,32.01490843141234
2250,,,,,,,,,,,,,,13390.243861811401,1504.0592396681689,29.03921906455893
2251,,,,,,,,,,,,,,14126.65997348551,1436.6429804796612,26.677018320094273
2252,,,,,,,,,,,,,,13186.120268144681,1702.7731698305552,38.082280981631676
2253,,,,,,,,,,,,,,12457.121322265624,1745.2254924316405,39.02169140625
2254,,,,,,,,,,,,,,13309.355606207328,1654.1379122694,38.42770770417542
2255,,,,,,,,,,,,,,12416.718786741956,1641.4162754776455,38.05027073019802
2256,,,,,,,,,,,,,,11187.856722637287,1524.7771002019492,44.062450223756066
2257,,,,,,,,,,,,,,11869.625474746801,1557.4100073710688,42.378897921108745
2258,,,,,,,,,,,,,,14307.718638102213,2568.779601203071,71.94888814290364
2259,,,,,,,,,,,,,,13730.529674258474,2358.485380528337,68.55254237288136
2260,,,,,,,,,,,,,,11734.536545444542,2282.1826240647006,73.19517323668573
2261,,,,,,,,,,,,,,11706.636577362164,2128.442854242293,68.31728416982324
2262,,,,,,,,,,,,,,11959.608405172414,2030.6127432987607,70.10331021012931
2263,,,,,,,,,,,,,,9757.897131839514,1914.8245639451693,76.30194561298077
2264,,,,,,,,,,,,,,9206.770801803828,1925.825706102461,65.66966239569699
2265,,,,,,,,,,,,,,11061.475392144941,2134.247306853417,77.45318579766537
2266,,,,,,,,,,,,,,10140.20494394084,2031.3017862334507,76.48429486223759
2267,,,,,,,,,,,,,,11014.084239447295,1934.542925023321,76.31032459771455
2268,,,,,,,,,,,,,,11363.8875,1889.5392568734976,76.82244027944712
2269,,,,,,,,,,,,,,9857.226659410782,1616.3651202252804,79.52225220658397
2270,,,,,,,,,,,,,,7067.004810049019,1323.771627029718,77.12256433823529
2271,,,,,,,,,,,,,,7000.832237243652,1243.6200885772705,77.01940155029297
2272,,,,,,,,,,,,,,9655.70509275515,1627.129643700989,72.97506473841293
2273,,,,,,,,,,,,,,10939.992457339638,2734.5158064992806,70.34522769325658
2274,,,,,,,,,,,,,,14720.859967283393,3274.478643424244,71.75356251410199
2275,,,,,,,,,,,,,,11878.496533890846,2709.838408134353,67.3142743177817
2276,,,,,,,,,,,,,,10994.119839694331,2524.6165884883026,63.42589331454918
2277,,,,,,,,,,,,,,5983.951365443639,1250.3121346609933,32.550020926339286
2278,,,,,,,,,,,,,,10442.805488934271,2004.0549687440634,67.18789923299772
2279,,,,,,,,,,,,,,10393.215441176471,2333.48586138557,67.37799144071691
2280,,,,,,,,,,,,,,15887.705571892557,2872.984461409322,56.85569643170646
2281,,,,,,,,,,,,,,17415.848889228353,3112.131256274005,58.933798337115924
2282,,,,,,,,,,,,,,14900.946890394089,2975.4042595924416,66.73242909097907
2283,,,,,,,,,,,,,,16977.225730895996,2591.0565977096558,58.273807525634766
2284,,,,,,,,,,,,,,10858.074072597788,3050.301306069303,80.05749760841837
2285,,,,,,,,,,,,,,11811.484015387457,3274.3098556930954,70.93546934385557
2286,,,,,,,,,,,,,,12977.893089345638,3170.6228060114304,70.87739388894715
2287,,,,,,,,,,,,,,12599.47992369186,3105.44566208342,68.12360491071429
2288,,,,,,,,,,,,,,12554.885510408425,2996.995565680009,61.293039828916136
2289,,,,,,,,,,,,,,10246.319085439047,2343.2567892528714,51.82411847795759
2290,,,,,,,,,,,,,,11744.97718157087,3243.498809814453,70.13558959960938
2291,,,,,,,,,,,,,,10655.418965242347,2944.9610051191235,60.842609728043
2292,,,,,,,,,,,,,,11908.427550593866,2965.277298705604,76.58840953643912
2293,,,,,,,,,,,,,,12545.644286208488,3106.7795374120733,78.1749055869465
2294,,,,,,,,,,,,,,11574.41153231534,3213.3647710626774,80.1934814453125
2295,,,,,,,,,,,,,,12227.205168883596,3215.241219105774,80.03474965148699
2296,,,,,,,,,,,,,,11681.826020784198,3204.425453272406,79.5164504716981
2297,,,,,,,,,,,,,,12350.313305004223,3103.271328487912,70.19428315033784
2298,,,,,,,,,,,,,,12338.561079927023,2764.8053410483635,67.66206460422636
2299,,,,,,,,,,,,,,15376.811819063563,3264.9345919031675,71.04678033322705
2300,,,,,,,,,,,,,,13690.132713822954,3115.49640169044,72.71808988458189
2301,,,,,,,,,,,,,,11543.94928412657,3106.416928853949,90.61611082962867
2302,,,,,,,,,,,,,,13586.726282903268,3356.6278324364625,88.86231481781638
2303,,,,,,,,,,,,,,13659.007193880727,3292.220500809263,84.09217427166335
2304,,,,,,,,,,,,,,12286.788814544678,3102.5187406539917,80.99846649169922
2305,,,,,,,,,,,,,,14084.451418910574,3167.8530225188365,74.96094135993083
2306,,,,,,,,,,,,,,14907.94726907575,2664.278224554163,70.39973843308304
2307,,,,,,,,,,,,,,14162.690012171648,2607.5965531943502,73.02808678668478
2308,,,,,,,,,,,,,,11378.55045786373,2004.8358380427126,50.606970414959015
2309,,,,,,,,,,,,,,11848.517168830424,2008.3328175264246,48.336723776424634
2310,,,,,,,,,,,,,,16379.64241648707,3105.491019834321,69.85987843480603
2311,,,,,,,,,,,,,,14439.18401576451,3146.311267961775,70.98082449776786
2312,,,,,,,,,,,,,,14658.114225968071,3077.7530464504075,74.825439453125
2313,,,,,,,,,,,,,,14489.488848152807,2999.6138978085273,86.23250256554554
2314,,,,,,,,,,,,,,11014.472713955965,2891.0017023259943,99.34903897372159
2315,,,,,,,,,,,,,,11579.314784618693,3097.3178677340165,100.00258475487385
2316,,,,,,,,,,,,,,11840.80431094412,3035.2779396186443,82.44866219213453
2317,,,,,,,,,,,,,,17557.698184384735,3105.167030215635,64.28096707067758
2318,,,,,,,,,,,,,,17229.97287729624,3099.8211348250106,67.7361862595017
2319,,,,,,,,,,,,,,17935.80523255814,2990.9579980793187,66.51218432049419
2320,,,,,,,,,,,,,,16893.611915683352,3133.727657587202,68.12650333895228
2321,,,,,,,,,,,,,,16993.451861213234,3091.174601421097,69.1090347497172
2322,,,,,,,,,,,,,,16711.311075408827,3106.547867313508,69.20024781586021
2323,,,,,,,,,,,,,,17674.745666503906,3055.288765716553,64.86763916015624
2324,,,,,,,,,,,,,,17472.70185452063,3061.34657302412,69.22479899878641
2325,,,,,,,,,,,,,,15924.17646355029,2907.7566079651283,69.80714830815397
2326,,,,,,,,,,,,,,15291.17570748089,3068.4002957790017,71.62231796593974
2327,,,,,,,,,,,,,,14929.250600179037,3172.6582022772895,70.88092549641927
2328,,,,,,,,,,,,,,14180.849795554182,2982.0395156531026,74.73929469705486
2329,,,,,,,,,,,,,,14607.13352997449,3213.0589300661672,72.45294064891581
2330,,,,,,,,,,,,,,14196.510212053572,3088.140341622489,75.94961111886161
2331,,,,,,,,,,,,,,14285.705104518582,3129.1901431286196,81.37130678390444
2332,,,,,,,,,,,,,,13373.009973099817,2958.4985941792584,74.87645947802197
2333,,,,,,,,,,,,,,15131.371054401328,3128.0521682906938,77.05699476304945
2334,,,,,,,,,,,,,,12358.554311615566,3161.5349812057784,80.24034861438679
2335,,,,,,,,,,,,,,14641.760710909697,3138.3532871232765,71.99146376640347
2336,,,,,,,,,,,,,,14286.14400647798,3099.4600208866214,71.21855016959519
2337,,,,,,,,,,,,,,10272.943356254991,2693.0586483501397,69.04449287390176
2338,,,,,,,,,,,,,,14500.992901545698,3064.7564517879146,73.28589129704301
2339,,,,,,,,,,,,,,14304.251446880226,3016.874759941994,68.11838942307692
2340,,,,,,,,,,,,,,13332.395203521286,2952.9042685688405,76.03976307744566
2341,,,,,,,,,,,,,,12647.108072916666,2838.7378834834717,71.62420778858419
2342,,,,,,,,,,,,,,11410.477346825788,2639.921613558071,71.16311861774115
2343,,,,,,,,,,,,,,16797.624078146884,2962.4420682335435,60.74177717962185
2344,,,,,,,,,,,,,,16315.257704912607,2570.7595442432466,56.40773553363348
2345,,,,,,,,,,,,,,15733.252669484991,2767.591800890471,65.78678331877056
2346,,,,,,,,,,,,,,14368.478129865436,2549.7946238670484,72.64657994606317
2347,,,,,,,,,,,,,,13870.484795374587,2551.575449154077,68.29230585161424
2348,,,,,,,,,,,,,,11854.244026629378,2658.9296010533194,79.71814772312743
2349,,,,,,,,,,,,,,10004.575468288633,1767.5427298958846,87.3220291738435
2350,,,,,,,,,,,,,,9899.408100544906,1314.1899537158613,84.21088210674895
2351,,,,,,,,,,,,,,14567.480941825259,2815.0435465776386,71.03237186418686
2352,,,,,,,,,,,,,,12382.01142578125,2318.1922119140627,70.9561083984375
2353,,,,,,,,,,,,,,11546.622185784418,2155.745841361381,72.97270078916807
2354,,,,,,,,,,,,,,9396.739618644067,1911.6635651152012,73.58629667637712
2355,,,,,,,,,,,,,,10595.94402370323,2239.9353504829664,71.5379862882653
2356,,,,,,,,,,,,,,10014.295200892857,2039.5983363560267,78.92327559621711
2357,,,,,,,,,,,,,,9471.333285785346,1780.7318549566949,77.73579595330057
2358,,,,,,,,,,,,,,9011.278621631041,1772.146264739196,76.48566195690056
2359,,,,,,,,,,,,,,11195.075508821494,2038.890847969759,76.86102722843634
2360,,,,,,,,,,,,,,9647.82901980378,1979.7563627021257,49.773438635537794
2361,,,,,,,,,,,,,,9151.147776442307,1790.3606313852163,69.30055495042068
2362,,,,,,,,,,,,,,8451.462944006229,1569.259286763967,64.67823521653939
2363,,,,,,,,,,,,,,8795.919118996435,1540.5933792831113,68.51347525167785
2364,,,,,,,,,,,,,,10004.92566059363,2240.638744457348,76.75725257902992
2365,,,,,,,,,,,,,,13364.964815848214,2154.0469578334264,63.91340855189732
2366,,,,,,,,,,,,,,13553.545371296497,2650.7693487781144,66.76765415495242
2367,,,,,,,,,,,,,,14052.381009154524,1809.1237508387653,37.55018662528758
2368,,,,,,,,,,,,,,13103.795329904084,1500.4065369256653,38.34718730662129
2369,,,,,,,,,,,,,,13548.289273475859,1511.740980981805,32.69035216985475
2370,,,,,,,,,,,,,,13185.951278250557,1591.11717943464,38.05550275530134
2371,,,,,,,,,,,,,,11661.428153606375,1636.2561859233613,35.15155460858586
2372,,,,,,,,,,,,,,11674.68429921156,1585.419949584212,32.388169364695166
2373,,,,,,,,,,,,,,12817.30415675951,1519.5565101512964,34.58878492272419
2374,,,,,,,,,,,,,,11941.031607910965,1575.3203744461287,30.732783834732587
2375,,,,,,,,,,,,,,9647.096448131444,1745.3137844649377,57.15207695715206
2376,,,,,,,,,,,,,,10116.534284906355,1915.268876509233,69.20057015467172
2377,,,,,,,,,,,,,,10242.100605403863,2260.671656408975,70.61056407028654
2378,,,,,,,,,,,,,,11701.204865987827,2533.1247741470625,73.91649293363764
2379,,,,,,,,,,,,,,13883.477068391394,2971.866724833504,67.34581679047132
2380,,,,,,,,,,,,,,16317.362968175552,3059.679770795037,58.22451459099265
2381,,,,,,,,,,,,,,16365.39128536891,2983.124110180874,58.858408231106736
2382,,,,,,,,,,,,,,10384.993728865438,2040.977177406425,77.898242551889
2383,,,,,,,,,,,,,,9879.391327986481,1863.4699062049813,73.92535010804521
2384,,,,,,,,,,,,,,2478.707913145085,676.3165023646404,16.01588273195876
2385,,,,,,,,,,,,,,11543.00242776711,2360.507337175934,59.55276233523917
2386,,,,,,,,,,,,,,14112.62463931838,2661.8080374156143,71.37375632894164
2387,,,,,,,,,,,,,,11243.34804095644,2262.4373603589606,77.76312255859375
2388,,,,,,,,,,,,,,8827.914802209654,2183.7429513504258,76.28158523787313
2389,,,,,,,,,,,,,,9060.650877111098,1859.125565472771,75.9826301125919
2390,,,,,,,,,,,,,,15897.350874467329,3020.6694372928505,80.96186412464489
2391,,,,,,,,,,,,,,16782.07899485203,3109.9131012973407,67.79580142798014
2392,,,,,,,,,,,,,,14873.59574737055,2865.439910592385,65.38232421875
2393,,,,,,,,,,,,,,15599.208736889983,3142.8697493043665,76.20364003638699
2394,,,,,,,,,,,,,,16456.541327468487,3088.32027967437,53.62387161896008
2395,,,,,,,,,,,,,,17356.058809094553,3151.793467673277,49.012894381009616
2396,,,,,,,,,,,,,,16204.149618120337,3044.8927560682914,48.10929483442164
2397,,,,,,,,,,,,,,16197.941997253241,3079.793574528323,57.704471643101584
2398,,,,,,,,,,,,,,12366.730766620414,2983.647850242821,78.4811587536197
2399,,,,,,,,,,,,,,11618.298661901596,2595.6975824883643,86.74959898603723
2400,,,,,,,,,,,,,,12036.66423629502,2701.708425748146,82.88318077992585
2401,,,,,,,,,,,,,,12937.013384095713,2967.760967457352,78.51232025588769
2402,,,,,,,,,,,,,,12805.685879503275,2968.6158932348526,71.93238050968887
2403,,,,,,,,,,,,,,12044.201477050781,2949.7220530192058,68.5666015625
2404,,,,,,,,,,,,,,13315.654951658285,2852.6409860662116,67.14685479525862
2405,,,,,,,,,,,,,,14771.486229192198,3023.736234777114,68.46959731158088
2406,,,,,,,,,,,,,,15150.125810339096,2954.1211694410144,60.620305672967326
2407,,,,,,,,,,,,,,13497.911409988656,2775.8365893474115,64.4430693069307
2408,,,,,,,,,,,,,,14617.513311724291,2895.2982593292886,70.17244639295212
2409,,,,,,,,,,,,,,13809.888865187713,2892.1748330178116,67.50411956058021
2410,,,,,,,,,,,,,,15363.467874262536,3048.913965996036,61.1930655420354
2411,,,,,,,,,,,,,,16277.675566283411,2982.9650640907525,62.547248120577834
2412,,,,,,,,,,,,,,15696.585119298987,3225.801383683488,55.8336597339527
2413,,,,,,,,,,,,,,17444.28456772558,3002.124554564621,57.99075822640729
2414,,,,,,,,,,,,,,17383.868619791665,2964.403427586411,57.54689275568182
2415,,,,,,,,,,,,,,16856.194432178443,3060.468596439085,61.66900050951087
2416,,,,,,,,,,,,,,16348.054065012793,3021.4035052026225,60.84322317023026
2417,,,,,,,,,,,,,,17108.539936603484,2932.862194223873,59.87108414446721
2418,,,,,,,,,,,,,,17139.42063341169,2897.7178670607486,59.163716814159294
2419,,,,,,,,,,,,,,16623.899883395523,2802.8346308010728,57.023664878731346
2420,,,,,,,,,,,,,,15282.206750118372,2893.5440599846115,62.62808948863636
2421,,,,,,,,,,,,,,15637.044118687727,2842.856298474298,64.2445705247962
2422,,,,,,,,,,,,,,16407.971945704525,2868.3045658672154,61.4397943968414
2423,,,,,,,,,,,,,,16305.464484149368,2865.628924758856,57.95920824402076
2424,,,,,,,,,,,,,,17517.039302233756,2941.6208804574685,55.18911467734657
2425,,,,,,,,,,,,,,13327.104916600738,2849.3400492607793,64.91792548457279
2426,,,,,,,,,,,,,,16343.481878599616,3094.6043555354095,61.3598849456058
2427,,,,,,,,,,,,,,18234.197895460096,3278.802234165055,62.23881565553746
2428,,,,,,,,,,,,,,15519.185648805766,3286.8931231257893,64.01891966540404
2429,,,,,,,,,,,,,,10978.396862648222,2080.476862609622,79.6538607028162
2430,,,,,,,,,,,,,,11331.581714630127,2393.1124534606934,79.23286056518555
2431,,,,,,,,,,,,,,10899.86252297794,2310.0440573299634,79.49604779411764
2432,,,,,,,,,,,,,,11547.33468779933,2338.7384571060825,78.75832323096265
2433,,,,,,,,,,,,,,11289.514980628843,2341.8351550493085,81.7515428887039
2434,,,,,,,,,,,,,,9680.461385758197,2084.537711221664,82.93080214203381
2435,,,,,,,,,,,,,,10702.805185135298,2197.29847734824,77.27148998742815
2436,,,,,,,,,,,,,,10913.800713641827,2380.8082538311296,77.3907207782452
2437,,,,,,,,,,,,,,11697.789134354098,2162.764222620323,69.49365234375
2438,,,,,,,,,,,,,,12337.54730701092,2616.1607761312152,76.52672114602696
2439,,,,,,,,,,,,,,11938.347934299045,2454.2545852661133,76.23995971679688
2440,,,,,,,,,,,,,,11959.59161202567,2373.073424421038,76.05196184430804
2441,,,,,,,,,,,,,,12594.500908596612,2559.0936247996797,73.76191191620879
2442,,,,,,,,,,,,,,9846.598197318412,2271.9995946110907,79.89641344225085
2443,,,,,,,,,,,,,,14101.287650785298,2666.5514649702477,52.625342808856864
2444,,,,,,,,,,,,,,17091.241844445256,2782.5659791468456,44.86147106447599
2445,,,,,,,,,,,,,,14511.224515517735,2648.096895335741,44.13764614917048
2446,,,,,,,,,,,,,,17098.015652126734,2870.5644570809823,46.541961669921875
2447,,,,,,,,,,,,,,16416.939029419227,2682.5762115266098,47.86744693481729
2448,,,,,,,,,,,,,,18932.331280402417,2986.2699037947746,46.26298897221403
2449,,,,,,,,,,,,,,17578.913257589815,3022.2464005205243,50.30605375964964
2450,,,,,,,,,,,,,,17395.569072383285,2592.9568641754518,37.04701030685241
2451,,,,,,,,,,,,,,17904.97571583655,2745.4274368829797,39.1219960844715
2452,,,,,,,,,,,,,,17440.42118844697,2508.0926481613005,38.90594519412879
2453,,,,,,,,,,,,,,14012.75315230813,2840.8018179200703,61.900311965710486
2454,,,,,,,,,,,,,,12596.88940517825,2907.8892377171705,84.2105884758574
2455,,,,,,,,,,,,,,13947.142318725586,2622.9056632995607,66.00457763671875
2456,,,,,,,,,,,,,,10812.177981198489,2244.07226786072,71.89616243131869
2457,,,,,,,,,,,,,,9626.948442589577,1647.1182980615076,66.3720369121539
2458,,,,,,,,,,,,,,13416.700160559387,2761.566922333741,71.10088828959074
2459,,,,,,,,,,,,,,8914.798392149118,1339.7166107006562,41.5248788686899
2460,,,,,,,,,,,,,,10732.766741597878,2353.1801315595517,72.70213553950472
2461,,,,,,,,,,,,,,11787.964064654181,2250.932756311753,70.33673454733456
2462,,,,,,,,,,,,,,12614.991620808622,2301.1221224374144,72.18911453581204
2463,,,,,,,,,,,,,,10961.906729891538,2236.78317921432,70.85484455541237
2464,,,,,,,,,,,,,,12348.913506086483,2033.0109683487767,63.81275549600291
2465,,,,,,,,,,,,,,11904.931896097047,2033.8711540125594,65.24811486352849
2466,,,,,,,,,,,,,,7450.392358658161,841.4378865018804,40.904269603972736
2467,,,,,,,,,,,,,,11975.938109869072,2463.425715631176,62.30259541749012
2468,,,,,,,,,,,,,,6650.752984297903,1631.68983138235,69.66344411749589
2469,,,,,,,,,,,,,,4391.851450704967,1238.8780828919073,25.767908577967173
2470,,,,,,,,,,,,,,11459.485973619436,2764.730631789116,68.80754361087328
2471,,,,,,,,,,,,,,12281.085571289062,3033.7185175969053,65.95501708984375
2472,,,,,,,,,,,,,,12420.962365004596,2687.3612634995407,70.53285989200367
2473,,,,,,,,,,,,,,8481.297243238683,2289.6802544577968,69.93659968075166
2474,,,,,,,,,,,,,,9396.499919577205,1998.6453433766085,66.16208065257354
2475,,,,,,,,,,,,,,11134.044196428571,2409.6069039481026,70.90201590401786
2476,,,,,,,,,,,,,,13467.23754784764,2767.1397391323103,64.04721032567771
2477,,,,,,,,,,,,,,10222.119098826604,2313.3051634317244,79.10049094114785
2478,,,,,,,,,,,,,,9345.64584081657,1870.4643175848598,78.09517555675288
2479,,,,,,,,,,,,,,10935.755771292892,1887.7482981962316,79.72086971507353
2480,,,,,,,,,,,,,,9130.973523546765,1918.464636742652,75.30831375655595
2481,,,,,,,,,,,,,,10705.896059097782,2425.9049096876574,71.84466158959174
2482,,,,,,,,,,,,,,9811.852505817818,2103.8457088389296,81.18119182180851
2483,,,,,,,,,,,,,,13925.23624195772,2423.5797370461855,70.35696231617646
2484,,,,,,,,,,,,,,12741.546009948097,2716.695759387165,69.98716276492215
2485,,,,,,,,,,,,,,13006.31540188501,2240.580912199733,72.93691614768683
2486,,,,,,,,,,,,,,9937.158061835107,1957.0464516497673,73.81124501329788
2487,,,,,,,,,,,,,,17654.170592992843,2937.3348609151294,45.30171586763491
2488,,,,,,,,,,,,,,12708.923990885416,3007.8116590711807,76.037109375
2489,,,,,,,,,,,,,,15142.308447994403,2998.6309267869638,63.15103194962686
2490,,,,,,,,,,,,,,12893.956505977747,2593.1954049775095,71.87511097301136
2491,,,,,,,,,,,,,,16302.303370276162,2868.5322279819225,60.050102766170056
2492,,,,,,,,,,,,,,16137.834168365036,2850.823045223807,49.524230072463766
2493,,,,,,,,,,,,,,16144.62045381826,2449.087306520638,39.98091036956058
2494,,,,,,,,,,,,,,15410.425686621851,2909.649427310441,46.908759538517444
2495,,,,,,,,,,,,,,10260.838421832073,1997.6137404668898,52.82775476476648
2496,,,,,,,,,,,,,,14205.396387204602,3057.8881107159514,64.99955544542911
2497,,,,,,,,,,,,,,15847.204829789518,2965.1080007651417,57.731651699420105
2498,,,,,,,,,,,,,,14097.764881134033,2560.3691749572754,61.9083309173584
2499,,,,,,,,,,,,,,11968.795704808728,2537.064734097185,71.3538397427263
2500,,,,,,,,,,,,,,11193.989960319912,2511.412046651124,74.26804710659584
2501,,,,,,,,,,,,,,13014.269622583184,2431.391091326158,71.39229007419065
2502,,,,,,,,,,,,,,12645.255606480328,2592.11892080117,77.58300392181275
2503,,,,,,,,,,,,,,12768.780199402076,2746.3036968355145,68.62926232513539
2504,,,,,,,,,,,,,,12670.506813992275,2594.610439343399,75.99756956636236
2505,,,,,,,,,,,,,,11007.839518229166,2375.467892865598,80.44410130884741
2506,,,,,,,,,,,,,,8993.010059371887,1659.3076667937623,79.57265858441235
2507,,,,,,,,,,,,,,9208.801728442199,2351.9077662417762,75.31342700011749
2508,,,,,,,,,,,,,,14347.698846332098,2884.669904288599,80.86982132216632
2509,,,,,,,,,,,,,,14256.286322115384,2692.011140324519,76.57652118389423
2510,,,,,,,,,,,,,,12843.335753509964,2645.9925484035325,73.7271091627038
2511,,,,,,,,,,,,,,11373.344298852848,2361.146463360364,76.22678995253165
2512,,,,,,,,,,,,,,11872.229439804838,2977.068294832076,77.82060434626437
2513,,,,,,,,,,,,,,14147.233766951651,2894.057390551297,77.37389814268867
2514,,,,,,,,,,,,,,13943.60957616456,2892.4055111774346,78.47494952598315
2515,,,,,,,,,,,,,,13354.483714261967,2688.860933344415,72.17867977061171
2516,,,,,,,,,,,,,,13053.209954108392,2271.5692369154285,72.5291312691215
2517,,,,,,,,,,,,,,10860.376188212927,2073.6710845599155,79.86544788201046
2518,,,,,,,,,,,,,,10745.144534688601,1938.565078520439,71.57644868232835
2519,,,,,,,,,,,,,,10524.111460186832,2122.26213839385,76.836658627113
2520,,,,,,,,,,,,,,10988.50327919408,1737.7159153988487,73.44507606907895
2521,,,,,,,,,,,,,,7124.324524850556,943.1109048669988,41.03210033069957
2522,,,,,,,,,,,,,,9957.029070685892,1840.1420306037453,76.1285005457261
2523,,,,,,,,,,,,,,13232.39758468001,2567.437928082192,71.3597328499572
2524,,,,,,,,,,,,,,13528.826426630434,2556.9450699924228,70.3453977450878
2525,,,,,,,,,,,,,,12553.95279832073,2646.930448593194,80.89721592804716
2526,,,,,,,,,,,,,,12660.877697172618,2656.200037202381,71.98697451636905
2527,,,,,,,,,,,,,,692.8730388916645,139.6660439206153,2.4691187278511597
2528,,,,,,,,,,,,,,16834.054387284672,3496.1584058566145,73.00194277274736
2529,,,,,,,,,,,,,,17323.07632261955,3275.377326709312,70.1487029414849
2530,,,,,,,,,,,,,,14126.24729620774,2906.0961766361766,74.59264832629003
2531,,,,,,,,,,,,,,10815.508626853814,2198.000414418366,52.43833752648305
2532,,,,,,,,,,,,,,16745.753316945043,3226.3419332570043,75.58492726293103
2533,,,,,,,,,,,,,,15794.773295388293,3135.5691874489858,77.28531475921176
2534,,,,,,,,,,,,,,16694.98154296875,3264.3425095778243,78.31073279747596
2535,,,,,,,,,,,,,,16198.860054347826,3213.9102681137647,78.9104224367684
2536,,,,,,,,,,,,,,14771.922677364864,1753.8978825749577,44.19258208403716
2537,,,,,,,,,,,,,,15985.253702799479,3072.6737084021934,79.42799729567308
2538,,,,,,,,,,,,,,14973.737289663462,3094.2868736853966,77.19977839543269
2539,,,,,,,,,,,,,,15218.44775390625,3027.7229228515625,78.382787109375
2540,,,,,,,,,,,,,,16553.443120859734,2946.3142393613193,79.44612480198732
2541,,,,,,,,,,,,,,16457.46385117828,3202.9092257140114,79.60543873271004
2542,,,,,,,,,,,,,,16212.082793351716,3231.861456418505,79.13709214154412
2543,,,,,,,,,,,,,,16602.36620643721,3299.8756502916185,78.75012825820852
2544,,,,,,,,,,,,,,16947.93926532452,3260.1195485693775,76.524658203125
2545,,,,,,,,,,,,,,16450.430066167093,2680.4344447544645,64.13442881058674
2546,,,,,,,,,,,,,,15927.17591015625,2873.5700537109374,68.972525390625
2547,,,,,,,,,,,,,,16639.38567155562,2634.792517320165,63.49720389887972
2548,,,,,,,,,,,,,,16402.097398912585,2787.6437369681694,68.25011877111487
2549,,,,,,,,,,,,,,16609.736513506356,2531.6448151152013,63.85877582097458
2550,,,,,,,,,,,,,,16397.593615722657,3321.999710083008,60.395974731445314
2551,,,,,,,,,,,,,,18210.333851542822,3182.5885363369803,55.796315382950255
2552,,,,,,,,,,,,,,15483.009003500556,3422.3327332448534,63.02495885107567
2553,,,,,,,,,,,,,,16769.123043754993,3446.115070574581,62.007364778853834
2554,,,,,,,,,,,,,,15373.271893168605,3434.9287368926493,64.9701223785299
2555,,,,,,,,,,,,,,13916.25008642146,3138.5205056519635,65.94096117948008
2556,,,,,,,,,,,,,,14223.31646032675,3362.3336742289293,71.39584022546823
2557,,,,,,,,,,,,,,13809.472218256853,3140.9854732272634,68.6619909546304
2558,,,,,,,,,,,,,,15975.052036393025,3185.562453314802,64.60452280074452
2559,,,,,,,,,,,,,,15853.178016714499,3199.049755693293,66.60706812021684
2560,,,,,,,,,,,,,,15362.974918619791,3229.128495279948,68.59314453125
2561,,,,,,,,,,,,,,16006.441874043925,3207.2350365698753,67.83034787478147
2562,,,,,,,,,,,,,,15687.709804205248,2874.090794994213,57.56597945601852
2563,,,,,,,,,,,,,,15004.180431928791,2784.8354298742743,58.314329053534834
2564,,,,,,,,,,,,,,14316.264879261364,2692.385496567235,62.04013227982954
2565,,,,,,,,,,,,,,14992.235489908855,2781.704460313585,55.74622395833333
2566,,,,,,,,,,,,,,14283.672088017882,2702.2772054266998,56.361382071087114
2567,,,,,,,,,,,,,,15033.322505326705,3031.8211181640627,61.642542613636365
2568,,,,,,,,,,,,,,14110.905545774647,2652.4203977772886,53.708533230633805
2569,,,,,,,,,,,,,,14622.337550474016,2928.927490920163,58.52788140800562
2570,,,,,,,,,,,,,,15052.424083480566,3106.4309936092095,65.13303507343198
2571,,,,,,,,,,,,,,14545.322920949835,2913.4550861559414,64.60820569490132
2572,,,,,,,,,,,,,,9784.00257554945,1477.209234775641,68.79085465315934
2573,,,,,,,,,,,,,,17623.98951690051,2612.204284418846,38.00905412946429
2574,,,,,,,,,,,,,,17357.620572643118,2512.3306243640036,38.83525431657038
2575,,,,,,,,,,,,,,17208.68971300026,2818.907832599727,42.70601509712838
2576,,,,,,,,,,,,,,17582.20183504788,2608.438503352258,40.023006842003106
2577,,,,,,,,,,,,,,17597.06223268488,2651.0061072882177,41.30836416080298
2578,,,,,,,,,,,,,,16399.11095950704,3014.585176881602,58.07165080325704
2579,,,,,,,,,,,,,,16505.231124650185,3180.217537313433,58.99155346315298
2580,,,,,,,,,,,,,,18051.07154648274,3181.980461088683,42.49666170894351
2581,,,,,,,,,,,,,,18264.50950883964,2863.359281623506,37.41017764877988
2582,,,,,,,,,,,,,,17540.252796821853,3225.6257351899094,46.30958027742347
2583,,,,,,,,,,,,,,17603.03022957299,3165.9061103261674,46.64613807624114
2584,,,,,,,,,,,,,,18266.78001434949,3085.044998480349,43.44195556640625
2585,,,,,,,,,,,,,,17169.03355049287,2994.0109054940926,43.273414560612416
2586,,,,,,,,,,,,,,9860.195186803836,2043.424043258818,75.67485786664604
2587,,,,,,,,,,,,,,10026.538631184896,1963.492537434896,74.634716796875
2588,,,,,,,,,,,,,,9100.5135859375,1880.595056640625,74.73605859375
2589,,,,,,,,,,,,,,9226.912150638203,1793.8549882056009,74.85645562830106
2590,,,,,,,,,,,,,,9975.678483072918,1888.6707788085937,72.98072265625
2591,,,,,,,,,,,,,,11276.276254734848,1964.0244850852273,77.28368252840909
2592,,,,,,,,,,,,,,11034.0259765625,2032.1345940290178,77.97648716517857
2593,,,,,,,,,,,,,,9415.662245413558,2624.871196993548,65.33403538945896
2594,,,,,,,,,,,,,,9949.18111210079,2022.7935767540564,50.86626861907624
2595,,,,,,,,,,,,,,13435.178211147937,2648.215978551794,62.40427221433081
2596,,,,,,,,,,,,,,11341.971151244588,2530.9905334736877,77.14627511160714
2597,,,,,,,,,,,,,,11495.824465172313,2462.85920273255,77.03105377482477
2598,,,,,,,,,,,,,,5183.333652869203,689.9090643287601,20.39083977032425
2599,,,,,,,,,,,,,,12618.339914696848,2560.182286449987,71.7710461738782
2600,,,,,,,,,,,,,,18539.813088968956,2995.2175709794205,38.775761978589244
2601,,,,,,,,,,,,,,14031.054781062874,2529.584361733077,33.413995251684135
2602,,,,,,,,,,,,,,16902.905776178104,2982.730745146106,42.186191984624145
2603,,,,,,,,,,,,,,15665.560514489,2961.778333391462,45.63273402622768
2604,,,,,,,,,,,,,,15811.239473978678,2983.297711054484,46.8906135559082
2605,,,,,,,,,,,,,,17809.62186334555,3043.7796811704284,40.49733555169753
2606,,,,,,,,,,,,,,7957.283709557969,1166.9689689551144,76.48984411303438
2607,,,,,,,,,,,,,,6946.656886814358,1251.169399448208,72.1513757238855
2608,,,,,,,,,,,,,,6517.308777415425,1207.7358058731127,61.39897505733945
2609,,,,,,,,,,,,,,8531.180140140283,1519.168492226705,65.66706881557938
2610,,,,,,,,,,,,,,9184.138022286552,1878.1966411045619,73.8333238874163
2611,,,,,,,,,,,,,,9813.29987095424,2170.1036263602123,73.2053466796875
2612,,,,,,,,,,,,,,8706.00733875093,1522.1931788126628,58.19256591796875
2613,,,,,,,,,,,,,,6900.5419408825865,1430.2027654233186,75.8560260275136
2614,,,,,,,,,,,,,,9524.085250744716,2179.035024080345,82.28576396695144
2615,,,,,,,,,,,,,,8818.427639150026,1611.494516966254,80.71988966059388
2616,,,,,,,,,,,,,,13202.344476068773,3081.406629370934,80.5019367884526
2617,,,,,,,,,,,,,,13671.879483462199,3106.5772415633055,69.16903088756443
2618,,,,,,,,,,,,,,15568.599080961045,3092.152506789116,66.78774480950342
2619,,,,,,,,,,,,,,10306.639721986141,2277.4918948377026,84.50431076752092
2620,,,,,,,,,,,,,,12294.590293422965,3034.442122774346,84.42564271438954
2621,,,,,,,,,,,,,,12798.820826099536,2599.1496708622685,77.32943793402778
2622,,,,,,,,,,,,,,12610.289916992188,2285.280918005741,74.38892711292614
2623,,,,,,,,,,,,,,12076.834140625,2250.9910146484376,82.889642578125
2624,,,,,,,,,,,,,,9801.76625584512,1793.1194253072251,75.87057695597628
2625,,,,,,,,,,,,,,9192.7955260518,1920.028461382083,77.6934657709144
2626,,,,,,,,,,,,,,9228.543648514093,1909.4996342677696,79.66466567095588
2627,,,,,,,,,,,,,,8646.804504616477,1609.9174609375,71.32527166193182
2628,,,,,,,,,,,,,,7612.332770822437,1336.9150794121012,75.74483933708159
2629,,,,,,,,,,,,,,6194.1105382202795,2315.4307092737267,40.27663070436508
2630,,,,,,,,,,,,,,12331.298288724052,2520.00553238521,72.43005591437274
2631,,,,,,,,,,,,,,9861.568157693615,1553.3310560143511,62.113522736922555
2632,,,,,,,,,,,,,,8201.097977681377,920.7346243546835,51.21592827418342
2633,,,,,,,,,,,,,,8459.01153492647,1854.4807452033547,69.79034352022059
2634,,,,,,,,,,,,,,9124.776457134047,1679.191659109933,65.41636990425282
2635,,,,,,,,,,,,,,11277.78152477424,2022.0928486290993,71.18853225998099
2636,,,,,,,,,,,,,,8945.699148995536,1661.9945461846096,72.99466110061813
2637,,,,,,,,,,,,,,9051.088333239659,1710.9799132861679,74.06905491232014
2638,,,,,,,,,,,,,,9494.41096590909,1614.6965194424715,72.36755859375
2639,,,,,,,,,,,,,,9357.072321111506,1734.6818861527877,76.40596701882102
2640,,,,,,,,,,,,,,10676.223343063188,1852.697993575435,74.61395733173077
2641,,,,,,,,,,,,,,9689.305022422157,1720.7250231801388,73.54048151229694
2642,,,,,,,,,,,,,,8011.221056567077,1326.6182381218946,73.77981580151673
2643,,,,,,,,,,,,,,9043.38191164002,1552.7913633834485,63.26584075218023
2644,,,,,,,,,,,,,,6709.35104031033,811.9279098510742,66.16424560546875
2645,,,,,,,,,,,,,,11483.93397845644,2305.151578776042,71.033203125
2646,,,,,,,,,,,,,,10499.465177741637,2358.5258289890216,75.30124593401487
2647,,,,,,,,,,,,,,11411.294378551136,2578.739074928977,73.59030362215908
2648,,,,,,,,,,,,,,11363.033117722196,2341.687742284042,75.21252487820817
2649,,,,,,,,,,,,,,8171.63800336977,1656.786759405177,79.59738381840128
2650,,,,,,,,,,,,,,8132.139094490841,1188.851535560345,59.607260237068964
2651,,,,,,,,,,,,,,10219.021800889328,1542.960104237432,70.57298743206522
2652,,,,,,,,,,,,,,12393.855504004963,1839.272162592368,69.5486553756769
2653,,,,,,,,,,,,,,11013.563846982759,1809.3522575056872,74.90191720545977
2654,,,,,,,,,,,,,,9339.201686049953,1513.622690374201,71.18193470348011
2655,,,,,,,,,,,,,,12852.090539180872,2667.504752419212,75.58744673295455
2656,,,,,,,,,,,,,,15667.782808416812,2719.361014229911,76.14838135616289
2657,,,,,,,,,,,,,,13749.149987334684,2566.2986273130864,66.57099409396331
2658,,,,,,,,,,,,,,13838.885745368485,2416.1155500877953,68.73491099603012
2659,,,,,,,,,,,,,,11609.019917461159,2008.6517599504546,67.89291743908899
2660,,,,,,,,,,,,,,14250.247789884868,2446.292628238076,69.4566794947574
2661,,,,,,,,,,,,,,14396.202218669734,2463.497809423159,71.20496107127569
2662,,,,,,,,,,,,,,10332.5791015625,1568.0670174463398,68.20956220263841
2663,,,,,,,,,,,,,,9865.471985085227,1499.741806640625,75.85524502840909
2664,,,,,,,,,,,,,,10614.482520628511,1934.0597394736071,76.59204375877809
2665,,,,,,,,,,,,,,10487.305486505682,1808.6850775516396,77.59607488458806
2666,,,,,,,,,,,,,,14367.166768205276,2504.131044533639,65.60979160693807
2667,,,,,,,,,,,,,,14144.533806406853,3138.838143249276,77.84694927907819
2668,,,,,,,,,,,,,,15017.96274904159,3182.183947708527,72.08010353740707
2669,,,,,,,,,,,,,,15070.073844472743,2819.684343380025,69.45797339620044
2670,,,,,,,,,,,,,,14059.412665005388,2958.71976339406,68.20341544315733
2671,,,,,,,,,,,,,,15313.500294811322,3020.7589986549233,73.94091105910967
2672,,,,,,,,,,,,,,14115.254602943978,2641.0199235125287,74.1989716320503
2673,,,,,,,,,,,,,,8184.882250134699,1459.033575228987,70.60118029364224
2674,,,,,,,,,,,,,,6165.966805293642,1396.411877020474,69.63558560075431
2675,,,,,,,,,,,,,,9063.51735540022,1570.973655084978,69.90570004111842
2676,,,,,,,,,,,,,,9471.384093496963,1821.3674657412387,84.87822423772774
2677,,,,,,,,,,,,,,8845.690440701363,1447.3207842604559,79.56564262218045
2678,,,,,,,,,,,,,,8863.957668624762,1334.6002323063276,80.36804292402195
2679,,,,,,,,,,,,,,8889.505455078124,1601.823982421875,82.16199609375
2680,,,,,,,,,,,,,,10306.166921021002,1852.3754734548963,86.57870619306681
2681,,,,,,,,,,,,,,10650.579880391271,2560.9025334129647,87.90751307463843
2682,,,,,,,,,,,,,,11815.666235351562,2556.92250773112,89.2555419921875
2683,,,,,,,,,,,,,,11632.57296048678,2290.3160552978516,71.90192589393028
2684,,,,,,,,,,,,,,10914.94068287037,2158.715940122251,73.71995713975694
2685,,,,,,,,,,,,,,11462.331752232143,2392.570984468006,75.64762834821428
2686,,,,,,,,,,,,,,11570.713191807827,2752.7838876314254,77.63388489339954
2687,,,,,,,,,,,,,,11409.551821699766,2378.631411543516,77.8295031396028
2688,,,,,,,,,,,,,,10661.104580166104,2237.0977057379646,76.68339579814189
2689,,,,,,,,,,,,,,11261.452290196572,2223.3849093529484,76.70780698714718
2690,,,,,,,,,,,,,,10673.6110546875,2193.1019860839842,77.6993408203125
2691,,,,,,,,,,,,,,10099.917579712906,2047.5107213462272,77.5107421875
2692,,,,,,,,,,,,,,9538.648704528809,2059.036424636841,76.7050666809082
2693,,,,,,,,,,,,,,9004.181205130912,2018.6032879803631,76.79768990181587
2694,,,,,,,,,,,,,,8657.382502003205,1784.4337114383013,74.1908428485577
2695,,,,,,,,,,,,,,6887.055093075631,1571.2025452654213,69.56443244859528
2696,,,,,,,,,,,,,,7312.646282817042,1658.9667684865553,71.50415464889171
2697,,,,,,,,,,,,,,11589.950854670393,2191.9147779924156,75.03769566890968
2698,,,,,,,,,,,,,,15506.178196591414,2994.776822453292,69.28442469695284
2699,,,,,,,,,,,,,,14905.857684326173,3061.637425231934,68.60562744140626
2700,,,,,,,,,,,,,,18233.981248844306,3107.7947449091625,53.709241517196745
2701,,,,,,,,,,,,,,13604.751792464718,2869.5668370400704,69.97942288306452
2702,,,,,,,,,,,,,,18147.35561938996,3250.596048558012,50.16646884350067
2703,,,,,,,,,,,,,,19070.69769377309,3234.3248591681418,47.03791876731835
2704,,,,,,,,,,,,,,14992.241786024306,3190.897358760127,78.91765950520833
2705,,,,,,,,,,,,,,14949.50300578328,3224.662841796875,91.64962332589286
2706,,,,,,,,,,,,,,15353.717588363155,3079.312471451298,89.49243754725302
2707,,,,,,,,,,,,,,9084.449357807443,1644.7593938833688,70.48775030339806
2708,,,,,,,,,,,,,,14116.201761953402,2713.094918079174,69.00509330830388
2709,,,,,,,,,,,,,,15018.562454820953,2826.110402823343,71.17151356761566
2710,,,,,,,,,,,,,,15730.118082952658,2889.896378121107,68.6437023074128
2711,,,,,,,,,,,,,,14733.37253028759,3040.3728531547213,73.32763141134511
2712,,,,,,,,,,,,,,12976.145228289175,2553.9574912250905,74.72960895040761
2713,,,,,,,,,,,,,,13651.759543678978,2902.8606974283853,74.8191250887784
2714,,,,,,,,,,,,,,17597.490152994793,2734.891158854167,65.4365966796875
2715,,,,,,,,,,,,,,16857.7469279661,3295.2440007613877,68.03304919226694
2716,,,,,,,,,,,,,,15621.52818397423,2882.8536210493608,63.71549056412338
2717,,,,,,,,,,,,,,15387.150007263688,3010.061905789966,78.51399067019628
2718,,,,,,,,,,,,,,15222.607284813597,3051.910924008018,79.47172466077302
2719,,,,,,,,,,,,,,16673.51273423347,3167.076269177423,75.13304602581522
2720,,,,,,,,,,,,,,15572.0568791989,3095.454818079448,68.25372652432817
2721,,,,,,,,,,,,,,16420.79410231612,3121.4824980217545,65.96505570488344
2722,,,,,,,,,,,,,,16936.98084411621,3066.2653533935545,64.67140045166016
2723,,,,,,,,,,,,,,17943.17412012043,3009.1307060773984,66.8417595644726
2724,,,,,,,,,,,,,,16028.663068560943,2989.4616169233764,65.76139728369662
2725,,,,,,,,,,,,,,16457.274912376928,3136.1257240608948,69.1322021484375
2726,,,,,,,,,,,,,,15575.986676691557,2987.2747215788627,66.29868552959071
2727,,,,,,,,,,,,,,15294.951714409723,3083.819792247954,72.93105933779762
2728,,,,,,,,,,,,,,14844.621540517459,3013.70196360229,80.56671463815789
2729,,,,,,,,,,,,,,13065.109907983055,2764.7946803133254,77.22060512488997
2730,,,,,,,,,,,,,,12550.37723532557,2917.0226085358245,85.48235503802282
2731,,,,,,,,,,,,,,13920.151531135949,3089.2887417312954,80.27229342495438
2732,,,,,,,,,,,,,,11980.836646463524,2700.0495709728093,80.14790925266904
2733,,,,,,,,,,,,,,13009.679042816162,3012.607189178467,84.65463066101074
2734,,,,,,,,,,,,,,15063.233581542969,2855.6446601019966,75.10690816243489
2735,,,,,,,,,,,,,,14371.108128255208,2974.600920410156,74.4692138671875
2736,,,,,,,,,,,,,,15570.924107142857,3119.6852715284303,74.84095982142857
2737,,,,,,,,,,,,,,15439.215815972222,2987.863987630208,72.44688151041667
2738,,,,,,,,,,,,,,15313.821901717276,3027.8795880011794,74.315185546875
2739,,,,,,,,,,,,,,15485.8124931228,2972.625357614437,69.38326811454665
2740,,,,,,,,,,,,,,16279.166652106629,3197.5216286753694,65.39208048372603
2741,,,,,,,,,,,,,,14740.577196962346,2946.811669012034,64.36209997331133
2742,,,,,,,,,,,,,,12090.5525390625,2910.413228062221,75.26058000837054
2743,,,,,,,,,,,,,,12100.721131768845,2594.397784284053,79.25719935293417
2744,,,,,,,,,,,,,,14422.089981294013,2868.481754786532,72.17030355963908
2745,,,,,,,,,,,,,,14926.003385186617,3060.0002363764356,72.53438328180212
2746,,,,,,,,,,,,,,14865.98272123791,2703.499944777716,65.4830801827567
2747,,,,,,,,,,,,,,15335.859582913306,2748.3433869392643,63.04832566784274
2748,,,,,,,,,,,,,,14239.904161818484,3010.6358564660904,70.18026408743351
2749,,,,,,,,,,,,,,10861.59526658216,2337.456401547059,60.54972384623344
2750,,,,,,,,,,,,,,16401.5450221577,3119.8195776904417,68.79006890854218
2751,,,,,,,,,,,,,,13644.277109375,2770.93756261489,56.39518497242647
2752,,,,,,,,,,,,,,15700.426373650045,3035.4695273006664,79.24932861328125
2753,,,,,,,,,,,,,,16191.840640873454,3115.3113457238296,76.27027833756625
2754,,,,,,,,,,,,,,15703.80738240418,3134.2504772226152,75.406986675196
2755,,,,,,,,,,,,,,14707.95925837455,3072.470607400798,75.84171081103867
2756,,,,,,,,,,,,,,15261.14797307614,2906.6444898971904,68.81396007227198
2757,,,,,,,,,,,,,,16400.659147563732,2906.60889635588,67.3534433465255
2758,,,,,,,,,,,,,,17230.917758804968,3005.006994986767,72.75326846243892
2759,,,,,,,,,,,,,,17747.460622710623,3021.6983709649726,74.64625901442308
2760,,,,,,,,,,,,,,13678.896830195574,1716.3713203549119,36.87372546631403
2761,,,,,,,,,,,,,,16433.678302618686,2846.755520810649,61.536365894490416
2762,,,,,,,,,,,,,,14016.366318290115,2606.7841017702794,65.70015375664893
2763,,,,,,,,,,,,,,17317.86786071611,3161.219641412636,56.24501474157017
2764,,,,,,,,,,,,,,18124.48923521851,3137.471182619698,45.706969744135606
2765,,,,,,,,,,,,,,16589.742777122643,3124.05084804319,53.7625202682783
2766,,,,,,,,,,,,,,17575.624632513067,2958.499641019708,54.11126177319251
2767,,,,,,,,,,,,,,17444.299623653722,3025.6036883720217,51.641528894011095
2768,,,,,,,,,,,,,,16404.848465629246,2773.5119914179263,54.74709817637568
2769,,,,,,,,,,,,,,15120.624241087793,3075.048828840955,67.66205209860703
2770,,,,,,,,,,,,,,14203.185185299644,3059.1007551362245,62.42338928995253
2771,,,,,,,,,,,,,,15374.317297757056,2923.2082354145664,63.869843119959675
2772,,,,,,,,,,,,,,15961.005453279702,3079.8905436197915,68.60907526299505
2773,,,,,,,,,,,,,,17634.049221206762,3077.9091804552377,64.82143646816037
2774,,,,,,,,,,,,,,16782.977759989753,3142.9787517610143,64.14701107838114
2775,,,,,,,,,,,,,,16202.590262276786,3010.2000581815646,64.8966207132711
2776,,,,,,,,,,,,,,16127.401526933834,3191.836969823013,61.09305374710648
2777,,,,,,,,,,,,,,16054.745087890626,3173.7495515950523,60.3396484375
2778,,,,,,,,,,,,,,16338.04038953615,3187.177284373639,59.68103665341899
2779,,,,,,,,,,,,,,7529.0888144003375,1618.0217245978279,28.317062028976093
2780,,,,,,,,,,,,,,14847.625702281057,3009.0849752543886,62.19212510850694
2781,,,,,,,,,,,,,,17857.743515214894,2885.6992873144277,52.53473332923228
2782,,,,,,,,,,,,,,17169.12559474859,2836.8231522409537,49.84975255521616
2783,,,,,,,,,,,,,,17704.989341954963,2750.7100756772193,43.653950106070496
2784,,,,,,,,,,,,,,18017.884983692355,2819.1204798429917,47.20648134101942
2785,,,,,,,,,,,,,,15110.820648267252,2684.986674532763,48.78990546496671
2786,,,,,,,,,,,,,,13064.545938234718,2493.192329239322,59.85611928144593
2787,,,,,,,,,,,,,,15126.273629186007,2546.4420302009075,42.67310153141578
2788,,,,,,,,,,,,,,16729.76463458555,2950.2800564236113,44.472548897384755
2789,,,,,,,,,,,,,,16400.94350609991,2981.751890586515,48.35758062653941
2790,,,,,,,,,,,,,,15863.38940625,2852.78352734375,52.85786328125
2791,,,,,,,,,,,,,,14727.130925827478,2959.015846749029,60.54885701738166
2792,,,,,,,,,,,,,,14580.518069420332,3020.539311915268,62.30093948929398
2793,,,,,,,,,,,,,,12927.543607507861,2936.672489190252,60.155278043926884
2794,,,,,,,,,,,,,,13829.067608963816,3022.890417694627,62.59873560855263
2795,,,,,,,,,,,,,,11807.042240466102,1419.7260849774893,34.96010990466102
2796,,,,,,,,,,,,,,9526.788037570017,1571.8200643287514,49.83299975125295
2797,,,,,,,,,,,,,,13245.102983617071,2561.0661502667326,86.77520660855878
2798,,,,,,,,,,,,,,12228.403831256594,2522.1833897844144,87.70602378362342
2799,,,,,,,,,,,,,,9735.997484611742,2368.956669662938,85.10845947265625
2800,,,,,,,,,,,,,,13869.682069919254,2915.850431915898,69.44574015572567
2801,,,,,,,,,,,,,,13270.676991408845,2706.779364196169,70.53357460807725
2802,,,,,,,,,,,,,,12298.162623948318,2456.1474876990687,66.69710223858173
2803,,,,,,,,,,,,,,11637.850578248032,2349.7827677088458,79.9392455093504
2804,,,,,,,,,,,,,,10780.636095161897,2363.8176612700804,78.55593467620481
2805,,,,,,,,,,,,,,9179.187191611842,1937.3921690823738,80.98516524465461
2806,,,,,,,,,,,,,,10499.30353883837,2027.4594291311796,82.13110551677767
2807,,,,,,,,,,,,,,11379.041594749273,2290.120791413063,78.48191656068315
2808,,,,,,,,,,,,,,12697.35888671875,2651.839261179957,77.19676050646552
2809,,,,,,,,,,,,,,15044.932436342593,2994.4344520097898,61.09983543113426
2810,,,,,,,,,,,,,,15398.392663308021,3063.9311036677377,62.71493045414719
2811,,,,,,,,,,,,,,16749.963999513042,3028.707836450923,51.81417921112805
2812,,,,,,,,,,,,,,14614.777713786503,2595.080127509571,55.6428952991453
2813,,,,,,,,,,,,,,13913.611041241655,2535.2148785237387,62.5538703171365
2814,,,,,,,,,,,,,,13422.419114455679,2606.7968765956903,68.44074563419117
2815,,,,,,,,,,,,,,13410.511064637381,2668.5091890539015,65.61541863207547
2816,,,,,,,,,,,,,,13006.996371081948,2578.1562876168337,62.92183222007175
2817,,,,,,,,,,,,,,13545.21478515625,2813.9646565755206,72.326806640625
2818,,,,,,,,,,,,,,14882.399386475989,2722.9360972259005,65.49182335805085
2819,,,,,,,,,,,,,,15099.271961449795,2965.3715035860655,66.27230244620901
2820,,,,,,,,,,,,,,16603.82697291156,2831.62078418607,63.249258003982845
2821,,,,,,,,,,,,,,16493.468599995103,3031.287191265429,58.32516010726881
2822,,,,,,,,,,,,,,14530.794054396609,2268.4651044480343,53.649680279670875
2823,,,,,,,,,,,,,,17238.38163815269,2931.125660570362,67.71224009839794
2824,,,,,,,,,,,,,,14451.086456512237,2911.864030744646,74.84960254589161
2825,,,,,,,,,,,,,,17503.46523311897,3166.99779252914,74.81640939007235
2826,,,,,,,,,,,,,,16905.373097278225,3049.1002795803934,72.69639144405242
2827,,,,,,,,,,,,,,16695.71563720703,3159.2912854646383,72.12939292506168
2828,,,,,,,,,,,,,,15976.084775193623,3345.397475712581,67.0004460667327
2829,,,,,,,,,,,,,,18038.229823792833,3638.9204793674553,68.21674211448598
2830,,,,,,,,,,,,,,16792.323616489553,3612.94970703125,72.91925910707853
2831,,,,,,,,,,,,,,16423.66558391292,3501.9742647496664,75.44590647627668
2832,,,,,,,,,,,,,,16332.862750931292,3391.592388633071,76.27944400610514
2833,,,,,,,,,,,,,,17290.506550871567,3372.447365115833,73.83094037888367
2834,,,,,,,,,,,,,,15168.935401084864,2453.6192557529253,62.799365002962084
2835,,,,,,,,,,,,,,10948.339915497449,2454.726725924745,85.8320950255102
2836,,,,,,,,,,,,,,13464.733661825727,2885.6465644044993,84.69502885114107
2837,,,,,,,,,,,,,,17140.500557541003,2764.4119596007868,73.73776699634308
2838,,,,,,,,,,,,,,14903.446237664473,3280.475929908907,80.65595149607793
2839,,,,,,,,,,,,,,15166.329498539126,3118.5917770261685,84.4614317358994
2840,,,,,,,,,,,,,,12824.441470550411,2702.2842871897506,83.12686270254629
2841,,,,,,,,,,,,,,13351.9763671875,2921.8844606983416,88.36989795918367
2842,,,,,,,,,,,,,,13204.93756592827,3023.326979496308,90.16666460640823
2843,,,,,,,,,,,,,,13420.578211805556,3196.5975032552083,89.91912109375
2844,,,,,,,,,,,,,,15173.612942277892,3185.7525836534737,79.49343846849173
2845,,,,,,,,,,,,,,14660.304475395928,3115.308458975537,79.02577506363122
2846,,,,,,,,,,,,,,15046.505084717826,3105.79287603837,81.15189873417721
2847,,,,,,,,,,,,,,14212.481733630952,2946.8294387090773,90.55153459821429
2848,,,,,,,,,,,,,,12377.169099745639,2722.761925417878,91.36838208575581
2849,,,,,,,,,,,,,,9172.97168206936,2258.0149283060214,92.34603658536585
2850,,,,,,,,,,,,,,10678.762801364535,2273.167533494768,92.79868672228507
2851,,,,,,,,,,,,,,13610.976349431818,2849.8125055486507,93.08522727272727
2852,,,,,,,,,,,,,,13215.370219494047,3114.676972888765,95.176513671875
2853,,,,,,,,,,,,,,13476.614709201389,2973.779562717014,95.56359375
2854,,,,,,,,,,,,,,14064.88262404057,3120.254468415913,96.86883866159539
2855,,,,,,,,,,,,,,12256.623220076652,2488.7489276238207,79.90335163620283
2856,,,,,,,,,,,,,,10895.838871125252,2608.439452140562,88.00332936932963
2857,,,,,,,,,,,,,,12672.000362723214,2984.3723852040816,90.54328364158164
2858,,,,,,,,,,,,,,14548.03061771716,2678.950092690678,62.02013373940678
2859,,,,,,,,,,,,,,14642.086413954368,2916.4356330422793,69.26619100075692
2860,,,,,,,,,,,,,,8981.968143284574,1635.8722292636303,90.88717794215425
2861,,,,,,,,,,,,,,11299.642108386075,2083.4558610232066,91.84594417523734
2862,,,,,,,,,,,,,,10129.910942465573,1979.9335906465176,92.16973152807203
2863,,,,,,,,,,,,,,13651.17719226747,2689.164209561085,78.58940352792816
2864,,,,,,,,,,,,,,17697.3085642466,3362.2900287363104,62.40888465351208
2865,,,,,,,,,,,,,,17492.491599058492,3403.1260743752505,65.25543212890625
2866,,,,,,,,,,,,,,15204.498987023306,2925.456830971928,70.0772163003178
2867,,,,,,,,,,,,,,15297.969166186032,2978.262992705275,68.58004699297399
2868,,,,,,,,,,,,,,13366.443138860886,2862.848669564852,73.72061386928763
2869,,,,,,,,,,,,,,14800.319939007675,3207.9570706551535,74.98452919407895
2870,,,,,,,,,,,,,,12973.721784190499,2744.882783671587,75.12798193899907
2871,,,,,,,,,,,,,,11251.259723498775,2124.678853113511,82.28895335477941
2872,,,,,,,,,,,,,,8272.3257318649,1441.8376933630882,78.96425150011882
2873,,,,,,,,,,,,,,8581.1313828125,1572.1310146484375,82.55879296875
2874,,,,,,,,,,,,,,7615.808908265681,1256.4529021456572,73.84321132673487
2875,,,,,,,,,,,,,,10401.260488853295,1657.835985510918,76.56133343684624
2876,,,,,,,,,,,,,,6507.284175514156,1464.5767863999065,84.53386668669872
2877,,,,,,,,,,,,,,6786.809499184917,1425.9039969857283,83.47225255290354
2878,,,,,,,,,,,,,,6452.402345784505,1340.3075826009115,84.0832763671875
2879,,,,,,,,,,,,,,6435.930811353952,1171.1194594201963,86.01238055268595
2880,,,,,,,,,,,,,,5828.7736578747235,1433.770113514588,91.79927535605641
2881,,,,,,,,,,,,,,5394.225137246622,1406.930494703688,91.54646260029561
2882,,,,,,,,,,,,,,17865.133021324684,2950.5616094241354,62.231901348761795
2883,,,,,,,,,,,,,,6029.651560724432,1094.8009499289772,70.44329723011364
2884,,,,,,,,,,,,,,4803.8663096652135,910.7794250679614,63.38111652625392
2885,,,,,,,,,,,,,,5232.54249093192,1065.5507675170898,69.95709228515625
2886,,,,,,,,,,,,,,6497.365715655802,1368.0114715466789,70.16438802083333
2887,,,,,,,,,,,,,,6695.192967036733,1347.683642149808,70.13393811677632
2888,,,,,,,,,,,,,,12764.248492072611,3223.717878753064,78.01856904871323
2889,,,,,,,,,,,,,,16180.705909653465,3276.99655423306,75.44563157487623
2890,,,,,,,,,,,,,,15413.131476407027,3159.400649341185,78.17378439832089
2891,,,,,,,,,,,,,,11716.268247003425,2691.922497056935,76.44523892337328
2892,,,,,,,,,,,,,,11888.646062867254,2054.6717977931357,64.00220978565706
2893,,,,,,,,,,,,,,12228.218607404591,2429.814377506222,75.18473883434734
2894,,,,,,,,,,,,,,13664.100574964888,2716.7019957353114,72.84304775280899
2895,,,,,,,,,,,,,,13498.393507667824,2953.9082962601274,73.97714301215278
2896,,,,,,,,,,,,,,13014.11483093026,2663.531530903113,73.34779198841699
2897,,,,,,,,,,,,,,14557.439545454545,2901.563235973011,74.89313032670455
2898,,,,,,,,,,,,,,11091.605634110423,2786.9048678364616,69.93921756439697
2899,,,,,,,,,,,,,,16314.937557784764,3154.2325656145986,65.5130998058432
2900,,,,,,,,,,,,,,16218.716975682219,3123.2502475792253,55.32029461927817
2901,,,,,,,,,,,,,,14391.152861705801,3012.9661109882163,56.37625981957873
2902,,,,,,,,,,,,,,15112.586954416322,3271.678706229554,58.69003018465909
2903,,,,,,,,,,,,,,12507.57126767792,2571.564008503935,75.70158531021897
2904,,,,,,,,,,,,,,11688.413847081802,2427.3343398150278,78.04154878504136
2905,,,,,,,,,,,,,,11242.8513671875,2342.238307967276,75.97618845813679
2906,,,,,,,,,,,,,,11258.159065448113,2643.996503721993,76.88723835495283
2907,,,,,,,,,,,,,,13067.411798162775,2667.70797651242,74.8360823746566
2908,,,,,,,,,,,,,,13254.70909865359,2699.539053842531,73.19825777094415
2909,,,,,,,,,,,,,,14125.938597261236,2779.0453461493444,76.75312719452248
2910,,,,,,,,,,,,,,13525.392464024913,2361.2374598971755,69.59328185405928
2911,,,,,,,,,,,,,,12917.284838212405,2735.9587477176124,78.82169876975574
2912,,,,,,,,,,,,,,12493.198579945958,2735.559123333235,76.30396976327538
2913,,,,,,,,,,,,,,10173.87838373501,2493.203473643623,76.51513491697418
2914,,,,,,,,,,,,,,11060.994518090647,2682.56917404283,73.08487263131649
2915,,,,,,,,,,,,,,11960.867078993055,2663.792534722222,77.13062836021506
2916,,,,,,,,,,,,,,14804.21551688058,2826.0404445103236,71.72884172712054
2917,,,,,,,,,,,,,,15101.679404724327,2705.3080372408986,68.97799775094697
2918,,,,,,,,,,,,,,15221.185494791667,2875.205654296875,52.7814296875
2919,,,,,,,,,,,,,,14595.536429007132,2972.0187636366836,54.83682168496622
2920,,,,,,,,,,,,,,14424.082590225169,2830.7121748490767,51.73624427872475
2921,,,,,,,,,,,,,,14755.008868587134,2929.1076906682615,53.18242632837948
2922,,,,,,,,,,,,,,14687.160205266651,3020.4877062469836,58.98640730574324
2923,,,,,,,,,,,,,,14015.128891509434,3307.353009839328,81.59649543042453
2924,,,,,,,,,,,,,,12980.951702987939,2978.7300275836074,79.91169497841283
2925,,,,,,,,,,,,,,11744.261546610169,2074.3203890525688,66.42615035752118
2926,,,,,,,,,,,,,,10984.835558832909,2521.009033203125,70.36057079081633
2927,,,,,,,,,,,,,,14984.515362230171,2182.073710859061,57.89756094691265
2928,,,,,,,,,,,,,,11325.99500063004,2962.1594576927923,70.71558247227823
2929,,,,,,,,,,,,,,9747.493912835595,1942.5203762979486,54.38062933025404
2930,,,,,,,,,,,,,,10506.564264950166,2816.9566703112023,66.73185735049834
2931,,,,,,,,,,,,,,12093.823063151041,2813.6447420247396,65.6718212890625
2932,,,,,,,,,,,,,,13587.685137774493,2943.4992205645585,69.4233200485642
2933,,,,,,,,,,,,,,11700.911005859374,2737.6610904947916,67.4613525390625
2934,,,,,,,,,,,,,,17422.99250291149,3187.6436995038334,60.77749539013975
2935,,,,,,,,,,,,,,17512.25196862599,3107.750047148851,54.57322281125992
2936,,,,,,,,,,,,,,16749.871350884103,3049.03757235316,57.727822183560924
2937,,,,,,,,,,,,,,13425.970160109488,2359.2400658071338,43.94915315998134
2938,,,,,,,,,,,,,,15101.81437717014,2915.3154473198783,56.23931070963542
2939,,,,,,,,,,,,,,16090.50889359595,3018.574238006162,57.09964238556338
2940,,,,,,,,,,,,,,15352.5276686412,2424.8137650923295,40.849648569723165
2941,,,,,,,,,,,,,,18799.44843273628,2855.887593487995,47.910055020960364
2942,,,,,,,,,,,,,,17073.990860133494,3106.581585634102,60.72289802032767
2943,,,,,,,,,,,,,,16238.917599073344,3182.3257944967468,64.64345302641956
2944,,,,,,,,,,,,,,15802.336929465693,3178.1135515760548,64.71299382639984
2945,,,,,,,,,,,,,,15723.040689077287,3001.6202827718357,65.44686668227524
2946,,,,,,,,,,,,,,17220.02085554989,3007.3942248064263,60.921556240727
2947,,,,,,,,,,,,,,14561.275168046652,2032.8909334796786,42.76234892494658
2948,,,,,,,,,,,,,,16101.392756281672,3117.365022401552,78.72696335251267
2949,,,,,,,,,,,,,,17335.139120084536,2658.4523836732997,57.973097038848785
2950,,,,,,,,,,,,,,18359.308772882767,3296.151531151766,63.552787825906066
2951,,,,,,,,,,,,,,16484.182127262204,3315.7963119147203,71.45755898832071
2952,,,,,,,,,,,,,,18095.764311186187,2986.465438338729,57.008564717060814
2953,,,,,,,,,,,,,,17385.491233076198,2993.3635112464576,56.882096682147356
2954,,,,,,,,,,,,,,17547.06917540668,2863.3885406076092,60.505230629280824
2955,,,,,,,,,,,,,,17353.09933116824,2857.550490978152,63.22955464207849
2956,,,,,,,,,,,,,,16562.42089547822,2519.513060783617,63.22602982954545
2957,,,,,,,,,,,,,,14959.863192749024,2454.9155609130858,68.54017639160156
2958,,,,,,,,,,,,,,9934.36810278799,2224.9602419385724,62.44084329044118
2959,,,,,,,,,,,,,,16943.154487781954,3132.453379236666,80.12515786536655
2960,,,,,,,,,,,,,,16815.2152761762,3228.1936287404865,72.84582024042896
2961,,,,,,,,,,,,,,15206.476127428887,3164.446084829477,69.77110407902644
2962,,,,,,,,,,,,,,18818.193926084845,3045.286299157019,48.392688178027846
2963,,,,,,,,,,,,,,18586.46638770077,3248.6263939202163,54.373248734287706
2964,,,,,,,,,,,,,,15714.372694507088,3203.12360395189,71.8929153914304
2965,,,,,,,,,,,,,,14999.119241966391,3287.4873115971404,62.231924380896224
2966,,,,,,,,,,,,,,14736.711074829102,3242.180061340332,66.66949310302735
2967,,,,,,,,,,,,,,15459.084416746184,3208.1601842050336,63.84842967259065
2968,,,,,,,,,,,,,,10549.1833919603,2092.672433969926,60.822124870455994
2969,,,,,,,,,,,,,,13658.762670272436,2910.6847035614123,79.05599673763736
2970,,,,,,,,,,,,,,15633.939497514204,2945.655309503729,77.16599343039773
2971,,,,,,,,,,,,,,18148.057966549295,3224.295321440361,56.562457361355634
2972,,,,,,,,,,,,,,15293.996552438446,2380.2301376805162,74.45168789950284
2973,,,,,,,,,,,,,,12520.327188297193,1930.8949065954507,67.16951331313776
2974,,,,,,,,,,,,,,10532.294719328704,1839.001645236545,71.76829969618055
2975,,,,,,,,,,,,,,10492.458643279007,1746.5648316013755,74.04221646979666
2976,,,,,,,,,,,,,,12667.293734752555,2183.5747220064186,71.9531467820632
2977,,,,,,,,,,,,,,13967.446782749077,2388.074855677756,73.13064316190037
2978,,,,,,,,,,,,,,8016.567957861498,1314.4806418601645,42.67214380988676
2979,,,,,,,,,,,,,,9480.949319219393,1783.4336314260224,58.31544777199074
2980,,,,,,,,,,,,,,10558.324471227133,2028.7365109327363,62.65569383574695
2981,,,,,,,,,,,,,,9463.940391088192,2105.8210975134325,57.5486100389081
2982,,,,,,,,,,,,,,7772.015542473591,1508.0337180554027,71.51825724856954
2983,,,,,,,,,,,,,,7364.498288427561,1649.2989424311231,74.5328804797924
2984,,,,,,,,,,,,,,12117.173652694612,2247.5457807529474,61.75588715147829
2985,,,,,,,,,,,,,,6888.114353277744,1222.3033251640124,65.26953594501202
2986,,,,,,,,,,,,,,7705.88265593998,1143.388630797371,72.77094029017857
2987,,,,,,,,,,,,,,13085.359229076868,2344.4093433833214,65.59677509877874
2988,,,,,,,,,,,,,,9767.95476217831,1980.7618839039521,73.6358481014476
2989,,,,,,,,,,,,,,10239.993414750958,1944.3342547069565,73.73183818247126
2990,,,,,,,,,,,,,,7868.343424479167,1707.9960724361358,77.18315197172619
2991,,,,,,,,,,,,,,9202.012547182234,1781.7945222890332,76.39386740695225
2992,,,,,,,,,,,,,,9794.130219795334,1953.7730794557383,74.16957801496478
2993,,,,,,,,,,,,,,8485.926149664372,1642.7726213475858,67.37164901568141
2994,,,,,,,,,,,,,,9701.93823059993,1942.2553260006123,75.30246837103545
2995,,,,,,,,,,,,,,7694.2728034914,1733.6189494761386,80.12704396802326
2996,,,,,,,,,,,,,,7655.582713262273,1697.6353433585844,81.8745176492915
2997,,,,,,,,,,,,,,7525.43022273137,1668.0906348595252,75.54613882211538
2998,,,,,,,,,,,,,,8349.026392476968,1654.4640889566733,78.59312165400897
2999,,,,,,,,,,,,,,11463.597894712935,2317.098256192466,77.75562091206395
3000,,,,,,,,,,,,,,6109.5639934671335,881.6248469911773,79.21536570581897
3001,,,,,,,,,,,,,,6155.228061278354,1200.238740781099,85.34684747526545
3002,,,,,,,,,,,,,,8204.423136072835,1458.924641766886,82.89062884473425
3003,,,,,,,,,,,,,,16058.361290564904,2731.804213730605,73.52358603310752
3004,,,,,,,,,,,,,,13297.00505565542,2716.9873903887815,66.26288543971239
3005,,,,,,,,,,,,,,13925.989639497138,2940.2587073957416,75.76493727992958
3006,,,,,,,,,,,,,,14068.475426567926,3080.3272425333657,75.31359354654948
3007,,,,,,,,,,,,,,14725.899594137854,2929.1722654518508,74.62520777925532
3008,,,,,,,,,,,,,,13236.094912860577,2617.9814302884615,67.07186448317307
3009,,,,,,,,,,,,,,13306.749885248051,1880.562952860368,47.906822588803955
3010,,,,,,,,,,,,,,12480.941775080471,2267.701844571486,73.2335053145118
3011,,,,,,,,,,,,,,11183.670757898984,2006.6305796493023,74.02966804082104
3012,,,,,,,,,,,,,,10133.36141690341,1820.560673384233,72.4146573153409
3013,,,,,,,,,,,,,,11581.651606058904,1995.3381747238927,57.01705647200989
3014,,,,,,,,,,,,,,13370.187837882384,2506.780085953982,72.41155310522151
3015,,,,,,,,,,,,,,12654.486041525135,2416.5775031490602,77.98893406080163
3016,,,,,,,,,,,,,,11443.62718270285,2099.237984426398,78.28802939967105
3017,,,,,,,,,,,,,,9977.76303912102,1778.650702430068,75.20476540554775
3018,,,,,,,,,,,,,,6374.7639241925835,1145.612531890139,74.89668295828349
3019,,,,,,,,,,,,,,12346.492373361894,2762.577331936744,69.50291393649194
3020,,,,,,,,,,,,,,12001.234840494792,2707.9636678059896,69.6846240234375
3021,,,,,,,,,,,,,,12352.879079026443,2838.905473445012,69.81354041466346
3022,,,,,,,,,,,,,,13659.803555206603,2812.699539944975,69.13076528758306
3023,,,,,,,,,,,,,,11657.096486944902,2777.8721112703024,69.96445023386102
3024,,,,,,,,,,,,,,12669.13014039855,2682.762065500453,57.26246390964674
3025,,,,,,,,,,,,,,13237.263515187733,3130.856942703475,76.01422939015858
3026,,,,,,,,,,,,,,13177.244955679087,3104.5097233698916,80.20609412560096
3027,,,,,,,,,,,,,,13163.170920465225,2924.5488501527257,78.05291059680451
3028,,,,,,,,,,,,,,15907.586321541432,3019.028304767966,75.15522954705057
3029,,,,,,,,,,,,,,14919.36784459224,3118.1163888243495,75.56773858619889
3030,,,,,,,,,,,,,,14391.636075647866,3171.0017889468095,73.53632506260888
3031,,,,,,,,,,,,,,14322.553224418998,3053.3171157561483,75.92450149481047
3032,,,,,,,,,,,,,,14748.24756802003,3103.4545926716337,80.61366584218146
3033,,,,,,,,,,,,,,15789.327249570186,2902.8877972352852,70.93011415351941
3034,,,,,,,,,,,,,,15974.623737402922,2892.927326992419,67.39179225221893
3035,,,,,,,,,,,,,,15334.305965791113,2642.286884700737,63.36231766507475
3036,,,,,,,,,,,,,,15599.010962611606,2895.7054275948663,63.86224469866072
3037,,,,,,,,,,,,,,15641.716915815305,2590.0183877537393,62.03291516426282
3038,,,,,,,,,,,,,,14661.834175590035,2661.8058188556233,58.54445066652098
3039,,,,,,,,,,,,,,15670.369533432262,2622.284498843401,57.60662944090433
3040,,,,,,,,,,,,,,15358.629377201853,2204.20040224589,47.28253237539144
3041,,,,,,,,,,,,,,15093.796513364412,2760.423195994776,62.350955625702774
3042,,,,,,,,,,,,,,13255.096977899539,2497.340883395816,69.45317251730285
3043,,,,,,,,,,,,,,12567.373887460442,2047.9689338780656,63.96194342118275
3044,,,,,,,,,,,,,,7061.717250890899,1463.3053792763872,46.402001096491226
3045,,,,,,,,,,,,,,9978.488300030049,1821.3914599296374,66.79244290865384
3046,,,,,,,,,,,,,,12979.647540586215,2468.0906151304853,71.41951670545212
3047,,,,,,,,,,,,,,13188.426094563802,2592.788464355469,71.55693359375
3048,,,,,,,,,,,,,,11423.958868963067,2281.835440340909,74.8851162997159
3049,,,,,,,,,,,,,,10633.494549919576,2045.7819151036879,77.01592658547794
3050,,,,,,,,,,,,,,10272.912427325582,2223.5256077966023,75.6895751953125
3051,,,,,,,,,,,,,,10618.049347908267,2253.4678344726562,76.40555695564517
3052,,,,,,,,,,,,,,8270.831175225549,1301.2266673961942,46.02068351202929
3053,,,,,,,,,,,,,,8625.328004365809,1817.749751072304,71.18677045036765
3054,,,,,,,,,,,,,,8312.170795743428,1898.8221110994853,72.53728957403274
3055,,,,,,,,,,,,,,10830.126458583734,2005.2141778407952,72.63321627103366
3056,,,,,,,,,,,,,,10276.317137096774,1924.9636506111392,74.48162487399193
3057,,,,,,,,,,,,,,10244.055259967672,1749.024064688847,74.54292385057471
3058,,,,,,,,,,,,,,10873.52100552003,1842.8476242006516,73.37333908964769
3059,,,,,,,,,,,,,,16662.51028556954,3063.1370795448483,65.76207537862628
3060,,,,,,,,,,,,,,15989.745785961819,3049.998292915552,69.6032135366002
3061,,,,,,,,,,,,,,12439.829442223838,2271.0502449671426,54.989013671875
3062,,,,,,,,,,,,,,14743.253832620288,3052.210916186136,69.68940080915179
3063,,,,,,,,,,,,,,14300.009703761312,2889.5433830157663,77.56418578549209
3064,,,,,,,,,,,,,,10106.49036601195,1565.313145174128,46.77899074255486
3065,,,,,,,,,,,,,,18111.897425746058,2814.353991809192,72.62134448902027
3066,,,,,,,,,,,,,,18130.183467741936,2787.5213691957533,66.49258915070564
3067,,,,,,,,,,,,,,17808.609300659602,3084.901949239025,72.08909189824827
3068,,,,,,,,,,,,,,17656.99226597377,3220.0502493722097,75.18674142020089
3069,,,,,,,,,,,,,,18334.595879289216,3245.0846172257966,68.95592256433824
3070,,,,,,,,,,,,,,17645.534920766844,3075.419189453125,71.2162462599734
3071,,,,,,,,,,,,,,17449.365001166047,3306.834732283407,78.49060787371735
3072,,,,,,,,,,,,,,17591.424748655227,3283.257760470031,74.81170754354508
3073,,,,,,,,,,,,,,18311.279472257655,3204.385958426339,70.79405691964286
3074,,,,,,,,,,,,,,17981.754315043603,2934.603638641594,64.28277162063954
3075,,,,,,,,,,,,,,18410.686519637646,2715.47609036813,62.98870873358463
3076,,,,,,,,,,,,,,18027.009798313284,2887.900727722934,67.077683708159
3077,,,,,,,,,,,,,,16053.556398644912,3163.0517696954507,85.66275321487832
3078,,,,,,,,,,,,,,10211.843222901412,1898.784710361369,81.45991190507323
3079,,,,,,,,,,,,,,16742.143006781145,3027.8496754460602,65.50549678991337
3080,,,,,,,,,,,,,,15007.88743653884,2604.2694419114746,65.71808458201893
3081,,,,,,,,,,,,,,15284.186403570622,2726.1765374689758,70.81823598262635
3082,,,,,,,,,,,,,,15081.263843385977,2692.6895187542004,70.19201003864248
3083,,,,,,,,,,,,,,14623.575273886494,2686.698114037057,77.50802577227012
3084,,,,,,,,,,,,,,13022.225936099352,2823.990140025834,76.74849235869024
3085,,,,,,,,,,,,,,12202.104803555254,2668.2089711064878,73.39152195142663
3086,,,,,,,,,,,,,,13184.808389979085,2525.9005982406497,76.4540650375246
3087,,,,,,,,,,,,,,12493.785341721172,2632.607542999031,77.27274482194767
3088,,,,,,,,,,,,,,12746.18475739344,2602.360586349078,76.88289107399426
3089,,,,,,,,,,,,,,13266.237471987051,2823.550709272286,77.39853282183765
3090,,,,,,,,,,,,,,9973.849932782061,2042.2036688172973,48.93283437753652
3091,,,,,,,,,,,,,,13254.09145599941,2979.6278087687942,71.80882407134433
3092,,,,,,,,,,,,,,13478.81187571347,3053.7497837293095,73.62125428082192
3093,,,,,,,,,,,,,,12856.134936635945,2993.6248796172954,75.7832526281682
3094,,,,,,,,,,,,,,12340.112764756945,2988.0324034288196,79.42884114583333
3095,,,,,,,,,,,,,,12942.057719983553,2997.6815852732793,73.15765356148785
3096,,,,,,,,,,,,,,12730.025821024887,2856.9109665890956,73.78240094866071
3097,,,,,,,,,,,,,,16542.750722998902,3189.7597116570723,70.16869860197369
3098,,,,,,,,,,,,,,16137.109816854509,3050.9716884925715,67.70735943903688
3099,,,,,,,,,,,,,,11733.091815300708,2879.878135134139,83.11914799528302
3100,,,,,,,,,,,,,,13577.702358192122,2676.1999984526296,70.36535300671214
3101,,,,,,,,,,,,,,13867.22672413793,2876.441320379849,69.58241177262931
3102,,,,,,,,,,,,,,11956.347998681007,2775.4553045099433,74.59302265117695
3103,,,,,,,,,,,,,,13392.582321665646,2945.569406945721,69.64406211703431
3104,,,,,,,,,,,,,,12802.601769939747,2236.8401772492853,64.51741057751225
3105,,,,,,,,,,,,,,11164.314312274639,2279.6192744328428,63.97984900841346
3106,,,,,,,,,,,,,,12696.420076976103,2933.214581418505,43.43145680147059
3107,,,,,,,,,,,,,,12176.946015876205,2584.987536267836,64.89101436897106
3108,,,,,,,,,,,,,,11783.399283030063,2122.0230502744266,63.99398919600475
3109,,,,,,,,,,,,,,9731.84797108209,2249.605274530667,67.80768277751865
3110,,,,,,,,,,,,,,7142.110172828249,1362.0651865182567,51.849290761770554
3111,,,,,,,,,,,,,,14083.394034341873,2735.8923063783677,67.52877408624117
3112,,,,,,,,,,,,,,12612.38400857799,1839.1521601168497,48.50060507474784
3113,,,,,,,,,,,,,,7581.1621632158985,1050.0326208542508,67.53748440470532
3114,,,,,,,,,,,,,,5459.586874857436,740.173907648908,55.49579258382755
3115,,,,,,,,,,,,,,7471.793697607778,1033.086579928433,67.01085980269161
3116,,,,,,,,,,,,,,7574.363499174182,1517.6354222649695,66.3678035864094
3117,,,,,,,,,,,,,,9817.846933251096,1801.019711143092,73.53020662006578
3118,,,,,,,,,,,,,,8930.233221550707,1457.4526638966686,75.97203161851415
3119,,,,,,,,,,,,,,7588.723922164352,1373.0654328522858,73.80982530381945
3120,,,,,,,,,,,,,,7226.684169623688,1220.7316402988579,76.16434391400286
3121,,,,,,,,,,,,,,6551.561410299161,1147.4805067108898,60.519430020960364
3122,,,,,,,,,,,,,,16969.11539499383,3142.6910159462377,63.06338822214227
3123,,,,,,,,,,,,,,16624.030852027823,3095.112400353889,60.38492328320925
3124,,,,,,,,,,,,,,16365.239744513552,2971.0182362775586,60.74424491808252
3125,,,,,,,,,,,,,,15768.562369791667,2984.3258021763395,61.86559244791667
3126,,,,,,,,,,,,,,18610.553063056228,3149.0401631080604,62.556711733919904
3127,,,,,,,,,,,,,,17482.7117786974,3107.360042962304,62.20178101794554
3128,,,,,,,,,,,,,,17409.541306228373,3163.0697777560013,67.80516395436851
3129,,,,,,,,,,,,,,16768.128194020206,3136.6978254963583,74.74154869595864
3130,,,,,,,,,,,,,,14967.977520566998,3073.879676587654,79.12451171875
3131,,,,,,,,,,,,,,16165.434259588068,3107.3934710309222,69.1525076486014
3132,,,,,,,,,,,,,,17821.349589308647,3150.0895385742188,63.03869294467037
3133,,,,,,,,,,,,,,16640.54277456322,2860.696865290661,60.01735438805836
3134,,,,,,,,,,,,,,17634.672205438066,3047.865825180561,61.043384747922964
3135,,,,,,,,,,,,,,17681.663373161766,3104.292876535894,64.40513436048762
3136,,,,,,,,,,,,,,18106.951099122492,2965.641542101316,60.504141296561606
3137,,,,,,,,,,,,,,18389.459781568876,2920.4519583921738,58.747029029245624
3138,,,,,,,,,,,,,,18534.307265846317,2897.892111975478,57.56691113004604
3139,,,,,,,,,,,,,,18030.655256404432,2920.6825256347656,60.60802087118459
3140,,,,,,,,,,,,,,17516.759658405972,3001.4482943481084,61.02293038297478
3141,,,,,,,,,,,,,,17766.528570506198,2890.8067623590305,56.66735133651859
3142,,,,,,,,,,,,,,17111.075087774367,2841.5027988978795,60.243238176618306
3143,,,,,,,,,,,,,,16949.650953280216,2976.638236948986,61.889415614652314
3144,,,,,,,,,,,,,,9017.863902010658,1490.443318211755,74.02522597202035
3145,,,,,,,,,,,,,,7730.5502678366265,1162.9381725086885,72.97523049747242
3146,,,,,,,,,,,,,,7436.188189512311,1045.585146077474,61.532328657670455
3147,,,,,,,,,,,,,,7896.742361111111,1138.90905781095,63.958514694940476
3148,,,,,,,,,,,,,,8642.308975360576,1497.114051607572,69.11391977163461
3149,,,,,,,,,,,,,,8801.598573022959,1426.5527066155703,68.67212697020773
3150,,,,,,,,,,,,,,9117.510102815448,1610.4349908792747,77.38231684846698
3151,,,,,,,,,,,,,,7186.872004515736,1483.0636730870456,72.42808240525265
3152,,,,,,,,,,,,,,8054.070581161299,1550.6434560717453,74.74864176787663
3153,,,,,,,,,,,,,,7975.953235815603,1370.4966681730662,76.33353764960107
3154,,,,,,,,,,,,,,6962.684943704044,1347.3442526424633,73.53045474781709
3155,,,,,,,,,,,,,,6462.529030539773,1375.4897830847538,79.6130204634233
3156,,,,,,,,,,,,,,5684.07929206617,1080.9057580196495,78.69433038884944
3157,,,,,,,,,,,,,,6864.0088489631735,1264.9231941762023,74.88331348745353
3158,,,,,,,,,,,,,,6980.283275397676,1176.6720675802403,73.14647027301444
3159,,,,,,,,,,,,,,10222.107376720463,624.8400626346983,15.850479556475314
3160,,,,,,,,,,,,,,8976.394442134031,1936.389475775309,70.15736580620248
3161,,,,,,,,,,,,,,8805.481123218202,1961.2392758018093,76.25736019736843
3162,,,,,,,,,,,,,,7390.76158358564,1443.2379838884083,69.53323353698097
3163,,,,,,,,,,,,,,8748.226324771149,280.3657202980735,5.56810487689394
3164,,,,,,,,,,,,,,11103.545336331234,2347.3460401944835,81.91316882874668
3165,,,,,,,,,,,,,,10514.336765154034,2069.8248260714486,75.99338742519947
3166,,,,,,,,,,,,,,8503.1245699369,1804.0710322453426,76.11853778545674
3167,,,,,,,,,,,,,,9340.413155416254,1853.719823543262,76.1417559597332
3168,,,,,,,,,,,,,,9721.455408329586,1794.6695574204698,71.16628259892086
3169,,,,,,,,,,,,,,10505.0707160102,1816.4973318311904,71.73449198404948
3170,,,,,,,,,,,,,,10020.98695642808,1796.962495242848,73.70888564165901
3171,,,,,,,,,,,,,,8922.345141965952,1681.4474560182487,73.16773189715485
3172,,,,,,,,,,,,,,10159.323331741267,1824.9084014226255,75.77891307314411
3173,,,,,,,,,,,,,,8917.79241524034,1679.8757356832955,78.5628522334208
3174,,,,,,,,,,,,,,11228.752523103112,2146.6337420393056,78.67154821254864
3175,,,,,,,,,,,,,,7960.042905977388,528.6021270611835,18.00128863205923
3176,,,,,,,,,,,,,,8309.531231398809,1644.245070296999,57.09539620535714
3177,,,,,,,,,,,,,,16782.414283419024,3276.897189809608,52.3101878815874
3178,,,,,,,,,,,,,,17162.489318847656,2912.5710121437355,48.103793674045136
3179,,,,,,,,,,,,,,16634.811793984227,2854.9427714917874,42.950855928308826
3180,,,,,,,,,,,,,,16772.629473805147,2906.2713534007353,47.02839499080882
3181,,,,,,,,,,,,,,16872.01526948736,3037.447216796875,48.26912965238764
3182,,,,,,,,,,,,,,17857.558855975116,3100.894928543656,44.89854600694444
3183,,,,,,,,,,,,,,17213.562123388452,2964.2852624456978,45.45424607623318
3184,,,,,,,,,,,,,,19026.239916621475,3032.7592127338667,41.67955510269794
3185,,,,,,,,,,,,,,18947.758301809212,2895.8633038651315,41.23092619243421
3186,,,,,,,,,,,,,,8506.83588641827,1889.9349564302884,66.21705378605769
3187,,,,,,,,,,,,,,10084.539086827179,1977.4871999937445,69.08435102035142
3188,,,,,,,,,,,,,,6665.8733499461205,941.500135329674,59.736565530711204
3189,,,,,,,,,,,,,,16856.430674414754,2927.1428757522635,71.56834212124558
3190,,,,,,,,,,,,,,15992.946401350175,2620.5214911803137,71.26233633220819
3191,,,,,,,,,,,,,,16177.363871885738,2739.6604851267184,69.57443017074742
3192,,,,,,,,,,,,,,15392.078399761653,2844.2183237884005,69.57640856726695
3193,,,,,,,,,,,,,,15972.25815447315,2871.3400085669564,72.71665232964801
3194,,,,,,,,,,,,,,16103.321521417025,2904.4570363011853,75.01467369342673
3195,,,,,,,,,,,,,,14119.84854773319,2390.3459671482897,71.70390181107955
3196,,,,,,,,,,,,,,12119.502025604248,2584.370530128479,77.29071807861328
3197,,,,,,,,,,,,,,11991.732141658613,2346.149354705286,68.29388490657216
3198,,,,,,,,,,,,,,14466.871416284404,3108.6194676390483,67.76742133744266
3199,,,,,,,,,,,,,,14456.734212239584,3145.7852085658483,73.51791693239795
3200,,,,,,,,,,,,,,12972.794787769586,3178.5616721569654,73.43576866472272
3201,,,,,,,,,,,,,,14476.233323317309,2886.0358690753033,71.13067157451923
3202,,,,,,,,,,,,,,11582.19981490734,2289.3669831031975,53.22109914380451
3203,,,,,,,,,,,,,,14226.053753972457,3069.2203058792375,71.78877449682203
3204,,,,,,,,,,,,,,15099.811404666385,3180.8392457704285,69.37492081925676
3205,,,,,,,,,,,,,,16386.670305879237,3133.808708785752,72.3755263506356
3206,,,,,,,,,,,,,,14898.106904658565,2743.031335901331,74.84689127604166
3207,,,,,,,,,,,,,,13469.039466145834,2724.2483311631945,98.29761067708333
3208,,,,,,,,,,,,,,15572.622726894946,3068.500499709109,89.60653050199468
3209,,,,,,,,,,,,,,17436.393997924355,3048.4289388621423,77.1050399273524
3210,,,,,,,,,,,,,,14126.693696267741,3002.958278606032,91.79055079830786
3211,,,,,,,,,,,,,,12256.6287109375,2850.19638671875,97.94479166666666
3212,,,,,,,,,,,,,,12858.03948946221,2894.138432276526,96.09092932412791
3213,,,,,,,,,,,,,,10662.048153831845,2153.213387625558,82.59916178385417
3214,,,,,,,,,,,,,,13606.431644870923,2528.988966966712,87.07283457880435
3215,,,,,,,,,,,,,,13436.558268229166,2396.7311936886376,73.39398123204023
3216,,,,,,,,,,,,,,12629.121011649613,2474.004218447525,82.54565645741151
3217,,,,,,,,,,,,,,17682.665346891983,3053.929054149683,74.7335895040761
3218,,,,,,,,,,,,,,16241.640510110294,2962.822651582606,80.20181633444393
3219,,,,,,,,,,,,,,13402.102843061295,2269.9819033283834,63.72839456353306
3220,,,,,,,,,,,,,,13307.21841550812,2628.830779789001,80.30820735420768
3221,,,,,,,,,,,,,,13592.24235340251,2676.173369065215,81.665084308639
3222,,,,,,,,,,,,,,17575.756015145704,2744.237658167178,59.324994607937114
3223,,,,,,,,,,,,,,18020.53052536232,2730.180670431386,57.93673148777174
3224,,,,,,,,,,,,,,17547.92044515252,2788.759025703925,58.94434260345563
3225,,,,,,,,,,,,,,17706.5305630644,2776.274080805905,58.91088588700095
3226,,,,,,,,,,,,,,18375.526742154536,2973.3799456503825,62.4105703619462
3227,,,,,,,,,,,,,,18388.7321640625,2834.04340625,58.997671875
3228,,,,,,,,,,,,,,17636.291331976234,2869.6023293078783,59.94271119883363
3229,,,,,,,,,,,,,,16905.239330774068,2916.5062220781697,60.04125555630388
3230,,,,,,,,,,,,,,17741.341978561046,3094.4726765274604,62.54550424366694
3231,,,,,,,,,,,,,,18360.79607484879,3147.1029438634073,64.42472120715726
3232,,,,,,,,,,,,,,17122.750373492323,3042.1749229029606,66.5288240131579
3233,,,,,,,,,,,,,,16271.702350592157,3021.267613113306,64.97318651721736
3234,,,,,,,,,,,,,,16094.131969906362,3029.8374807860446,70.55950861631318
3235,,,,,,,,,,,,,,18261.048351589347,3151.1153056875537,62.97498691204897
3236,,,,,,,,,,,,,,18442.3328259038,2556.090919045841,52.93558098288143
3237,,,,,,,,,,,,,,18599.471776598282,2968.801057072996,58.77386614384542
3238,,,,,,,,,,,,,,16463.31959081745,2731.4303669412116,61.403152779050586
3239,,,,,,,,,,,,,,13256.414178297924,2988.2204117002225,77.26164348134881
3240,,,,,,,,,,,,,,14771.71447243346,3169.4524863355514,82.25889117454848
3241,,,,,,,,,,,,,,15009.92003441566,3005.7054602186918,76.24808499361059
3242,,,,,,,,,,,,,,14299.630075108591,3068.2790480212357,78.98762706624035
3243,,,,,,,,,,,,,,14208.685069444444,2862.008659456983,49.56311487268518
3244,,,,,,,,,,,,,,14789.051391970355,3019.863577021573,50.142322920600456
3245,,,,,,,,,,,,,,15456.990487905648,3079.0097139798677,53.45021409254808
3246,,,,,,,,,,,,,,16842.583112770153,3131.0575008214078,46.70395211193049
3247,,,,,,,,,,,,,,15979.733747917988,3214.997053582051,49.65694648239213
3248,,,,,,,,,,,,,,15507.921561903626,2999.6480305989585,53.64322295443702
3249,,,,,,,,,,,,,,9180.040673027665,1847.7618341164512,30.14696225025615
3250,,,,,,,,,,,,,,15781.691044430081,3081.3198795455824,67.91452443513938
3251,,,,,,,,,,,,,,15588.293345731847,3427.957686480354,77.82264619715073
3252,,,,,,,,,,,,,,16699.87865306713,3343.3209077811534,73.83564814814815
3253,,,,,,,,,,,,,,16884.895752699733,2570.074044043865,61.9012731149656
3254,,,,,,,,,,,,,,15862.51027658185,2641.9464099990323,66.30625211638932
3255,,,,,,,,,,,,,,16066.085152004076,2745.4245309770477,69.01148674058618
3256,,,,,,,,,,,,,,12577.272870387802,1725.3554252164909,46.700482398343375
3257,,,,,,,,,,,,,,14608.03286240127,2071.652910169664,52.57744355254121
3258,,,,,,,,,,,,,,15695.712006311074,2691.495934700733,60.547488930171006
3259,,,,,,,,,,,,,,13633.205411157853,1985.6923612154446,51.675713641826924
3260,,,,,,,,,,,,,,13698.571341068788,2624.8293998763406,64.51502981693787
3261,,,,,,,,,,,,,,15094.933268229166,2367.518700610632,58.627306707974135
3262,,,,,,,,,,,,,,15967.292845318309,3245.246851584282,77.79307584514405
3263,,,,,,,,,,,,,,15933.706088105988,3203.6512288720887,79.68936586561311
3264,,,,,,,,,,,,,,15523.003104768426,3173.8111557675547,79.34423633590637
3265,,,,,,,,,,,,,,15575.682127156138,3246.180481175795,76.28103473622312
3266,,,,,,,,,,,,,,15073.221598307291,3197.7668133359966,74.16354647549716
3267,,,,,,,,,,,,,,15903.789515140283,3190.9679454051666,71.68213959854015
3268,,,,,,,,,,,,,,16068.420502046818,3242.9475151709526,72.2234184011762
3269,,,,,,,,,,,,,,15439.775124635215,3095.196815342291,76.16206567667801
3270,,,,,,,,,,,,,,15573.191328125,3330.2665380859376,76.68507421875
3271,,,,,,,,,,,,,,14132.126037176724,2976.8392603380926,69.19462722252155
3272,,,,,,,,,,,,,,13973.712392831778,2734.836332246855,66.61114898285308
3273,,,,,,,,,,,,,,13819.429432600635,2936.8670277740994,71.24317233845339
3274,,,,,,,,,,,,,,12840.398939439467,2982.7240084134614,74.60678676791959
3275,,,,,,,,,,,,,,12219.228558659957,2752.103298795021,69.02707726430084
3276,,,,,,,,,,,,,,13373.321607871563,2989.494863818192,73.32868878865979
3277,,,,,,,,,,,,,,13652.916353408604,2863.71148514421,71.26912825074915
3278,,,,,,,,,,,,,,13324.232453377017,2842.6361493510585,70.014990234375
3279,,,,,,,,,,,,,,13226.991671048678,2720.3906594300884,68.01144174429086
3280,,,,,,,,,,,,,,13898.243977864584,2768.880954318576,68.2822265625
3281,,,,,,,,,,,,,,12220.124491296341,2688.121778829016,72.90294528279468
3282,,,,,,,,,,,,,,11953.548520815122,2753.8738142960556,76.84247124945367
3283,,,,,,,,,,,,,,13308.472858048894,2362.248609029059,73.67165157979704
3284,,,,,,,,,,,,,,14185.452144228178,3004.7388916015625,84.65904077990302
3285,,,,,,,,,,,,,,14805.967960258153,3201.049123216712,84.24004967730978
3286,,,,,,,,,,,,,,11610.024810791016,2613.699770246233,86.27503313337054
3287,,,,,,,,,,,,,,5941.229542040643,1366.5354858281958,32.210331807609734
3288,,,,,,,,,,,,,,33.888020833333336,182.62317266027912,0.21256031709558823
3289,,,,,,,,,,,,,,14700.453289721385,3133.6099132859563,75.77554358057229
3290,,,,,,,,,,,,,,13163.89942042447,2762.516461599145,79.03387908438518
3291,,,,,,,,,,,,,,10129.017755038496,2351.7697022663797,81.84089107789855
3292,,,,,,,,,,,,,,9843.440634527438,1976.175800900343,83.23084984756098
3293,,,,,,,,,,,,,,12823.271056149733,2198.231468812667,82.05737435243984
3294,,,,,,,,,,,,,,11971.605121630628,2262.640207878221,78.41895919727489
3295,,,,,,,,,,,,,,11605.99565761529,2429.6694241125606,82.72503839881675
3296,,,,,,,,,,,,,,11379.066231343284,2692.790579572839,82.63844595382463
3297,,,,,,,,,,,,,,9934.167389625727,2559.542928059896,81.4474132449128
3298,,,,,,,,,,,,,,10801.715661951013,2573.5269553873068,81.81826511221043
3299,,,,,,,,,,,,,,14467.921427981953,3038.0137939453125,72.53138754401408
3300,,,,,,,,,,,,,,15838.871664217202,3087.4956739570443,66.89895478805693
3301,,,,,,,,,,,,,,15579.20897169237,3071.876460087764,68.68707988788555
3302,,,,,,,,,,,,,,13020.64992682983,2488.8831423419065,56.23049035536504
3303,,,,,,,,,,,,,,12308.521113119834,2176.1758394267604,53.71536431430785
3304,,,,,,,,,,,,,,8081.317709913532,1357.3159985588593,70.3789299529733
3305,,,,,,,,,,,,,,11571.39019797267,2587.4007861503137,73.32151482694893
3306,,,,,,,,,,,,,,13053.047822734086,2763.616358683118,73.33804017239392
3307,,,,,,,,,,,,,,941.865188172043,406.1585218203965,6.258965473790322
3308,,,,,,,,,,,,,,10068.316563760081,2624.1304409888485,74.32066099105343
3309,,,,,,,,,,,,,,13856.53698245713,2724.346831283845,74.2210521491426
3310,,,,,,,,,,,,,,13638.925924862133,2597.1305559943703,71.34187047621784
3311,,,,,,,,,,,,,,14496.3997222799,2725.296096345515,70.09405821740033
3312,,,,,,,,,,,,,,13416.096352914663,2835.683486703726,72.9173358623798
3313,,,,,,,,,,,,,,13955.77533989448,2324.3438336260906,68.83392571783685
3314,,,,,,,,,,,,,,11158.01384614373,2290.4153752696234,68.86296559343434
3315,,,,,,,,,,,,,,12515.340966989872,2731.719884819664,73.7233510375494
3316,,,,,,,,,,,,,,14151.749065563725,2441.777064185049,69.89842601102941
3317,,,,,,,,,,,,,,15729.86250461368,2934.48554572158,70.99822565514272
3318,,,,,,,,,,,,,,11005.49787372562,2252.841747527427,63.67909013464096
3319,,,,,,,,,,,,,,16231.788317450162,2865.1101695093616,69.61943948679956
3320,,,,,,,,,,,,,,13026.193223800163,2308.2299193011963,43.87477121746204
3321,,,,,,,,,,,,,,15193.835869791666,3146.5094016927083,56.632609375
3322,,,,,,,,,,,,,,14346.293789369274,3082.3623085221693,55.19649741287631
3323,,,,,,,,,,,,,,15124.479195221125,3174.535151966831,54.01909151133041
3324,,,,,,,,,,,,,,14233.566088955326,3219.2217202307083,64.24736469144855
3325,,,,,,,,,,,,,,13843.8320703125,3097.5018963068183,63.68843927556818
3326,,,,,,,,,,,,,,14646.071574190237,3193.5244399022013,63.23278184876825
3327,,,,,,,,,,,,,,14429.742055628421,3124.3422976305883,62.65746179288321
3328,,,,,,,,,,,,,,14742.558376296813,3114.0886003131327,64.17756238929655
3329,,,,,,,,,,,,,,15505.874671936035,3176.548830986023,64.0572681427002
3330,,,,,,,,,,,,,,8926.539644746026,1229.9783163693353,67.88466998228093
3331,,,,,,,,,,,,,,6000.97808570973,1201.2706017674927,55.423657297740526
3332,,,,,,,,,,,,,,15013.02158834363,2431.0789298286004,76.09282913498099
3333,,,,,,,,,,,,,,12654.82460715554,2242.7829053474197,79.40840842507102
3334,,,,,,,,,,,,,,11493.879803631757,2012.6756855732685,82.52475529379826
3335,,,,,,,,,,,,,,10165.601316577327,1538.7631902764313,77.58456175866789
3336,,,,,,,,,,,,,,12391.036096237125,2228.282146096676,77.12883492801966
3337,,,,,,,,,,,,,,11699.260812470407,2126.3805740818834,77.17429421164773
3338,,,,,,,,,,,,,,9361.079458525686,1751.8105676824396,80.27700528231534
3339,,,,,,,,,,,,,,10261.257649160365,1758.3503296332851,75.03198155304716
3340,,,,,,,,,,,,,,9835.24292896412,1833.3326854564525,76.57401258680555
3341,,,,,,,,,,,,,,10567.336047986999,1686.3887039518704,71.58957109660128
3342,,,,,,,,,,,,,,9125.391498952673,1730.4431625587354,72.66853664232337
3343,,,,,,,,,,,,,,9119.211643191149,1678.0462838054573,71.94364093864051
3344,,,,,,,,,,,,,,10576.618009868422,1973.8888140762062,70.84566200657895
3345,,,,,,,,,,,,,,12719.912944072003,2254.6519651670715,68.86841645111909
3346,,,,,,,,,,,,,,11787.566680565309,1968.4461720213014,74.27164896418539
3347,,,,,,,,,,,,,,11700.64440604968,2394.9401086381067,72.86541144402473
3348,,,,,,,,,,,,,,9255.034400333421,1616.3421722795176,74.73461199006276
3349,,,,,,,,,,,,,,9201.735931176934,1828.1011984845718,71.97126693176709
3350,,,,,,,,,,,,,,13701.772144641953,2853.848933293269,66.40919550227733
3351,,,,,,,,,,,,,,16330.879076760913,2932.1078016493057,63.916438802083334
3352,,,,,,,,,,,,,,13975.079346478175,2820.468706597222,64.64791666666666
3353,,,,,,,,,,,,,,13249.178441853715,2708.192495434646,67.47693437983746
3354,,,,,,,,,,,,,,15979.672184292522,2777.2843407773553,59.15621563416422
3355,,,,,,,,,,,,,,12863.703272480867,2566.218041493941,76.15315489477041
3356,,,,,,,,,,,,,,12059.431039119112,2424.1426082002945,73.29167374320652
3357,,,,,,,,,,,,,,13978.725375088778,2817.74985665986,75.51649058948864
3358,,,,,,,,,,,,,,12187.898452524038,2271.748689058744,61.65131610576923
3359,,,,,,,,,,,,,,10879.618016442588,2591.049797117248,76.72145257994185
3360,,,,,,,,,,,,,,12334.988999640804,2840.008889150802,76.49852954382185
3361,,,,,,,,,,,,,,10215.574189157196,2613.2293821392636,75.96335671164773
3362,,,,,,,,,,,,,,11094.0712598022,2602.0837109740755,74.44498880793539
3363,,,,,,,,,,,,,,12649.234412273378,2617.4606840410306,74.97795466066317
3364,,,,,,,,,,,,,,14095.83332836355,3086.9970991993678,78.7649168058206
3365,,,,,,,,,,,,,,13459.091652329647,3103.4769547114734,81.58779896209386
3366,,,,,,,,,,,,,,7341.343942260743,978.5390741348267,62.824745178222656
3367,,,,,,,,,,,,,,7330.3707330519155,1039.8356201171875,64.85137821320565
3368,,,,,,,,,,,,,,7525.8125,1193.7756074308618,58.78726215011503
3369,,,,,,,,,,,,,,7004.011353564863,990.4596619165244,64.49223263524159
3370,,,,,,,,,,,,,,6929.71918796219,931.2094882644769,76.54316257156489
3371,,,,,,,,,,,,,,6274.66272457412,842.3736144799187,73.51661037624098
3372,,,,,,,,,,,,,,7029.323048982689,923.9780376626434,70.04794816490558
3373,,,,,,,,,,,,,,15738.749435321004,2474.285138396179,60.19873046875
3374,,,,,,,,,,,,,,13019.69143359375,2983.622958984375,88.63983984375
3375,,,,,,,,,,,,,,16014.012378390331,3135.953195938974,71.10888856132075
3376,,,,,,,,,,,,,,12695.758002689907,2151.9571900640217,47.31007952008929
3377,,,,,,,,,,,,,,14727.188688151042,2143.0078287195274,55.23180881076389
3378,,,,,,,,,,,,,,14227.20809733073,3184.3346506754556,85.40621337890624
3379,,,,,,,,,,,,,,17388.80502795298,2887.7419209611526,51.9828160837156
3380,,,,,,,,,,,,,,14522.265836864406,2745.972951701536,66.09725569385593
3381,,,,,,,,,,,,,,15093.06394812179,2529.5715457445954,71.68435125481592
3382,,,,,,,,,,,,,,15838.093813004032,2686.1931199596775,73.66725680443548
3383,,,,,,,,,,,,,,15630.316182002314,2820.672309705946,68.6895779079861
3384,,,,,,,,,,,,,,13580.16432559218,2601.1946436215753,77.57278735017124
3385,,,,,,,,,,,,,,16209.074485085228,2949.754494991029,79.26951489608254
3386,,,,,,,,,,,,,,16929.18940991427,3052.67034209935,74.39460470824115
3387,,,,,,,,,,,,,,17612.543020148027,2923.4362857216283,69.73357833059211
3388,,,,,,,,,,,,,,15300.712038010817,2541.528271484375,70.85243577223558
3389,,,,,,,,,,,,,,16859.55059181647,2878.2079629036893,73.81493650710702
3390,,,,,,,,,,,,,,16392.555324689718,2749.9708615566824,73.01840404753989
3391,,,,,,,,,,,,,,17644.645909288196,3058.7714364510994,75.61041124131944
3392,,,,,,,,,,,,,,9112.81229756053,1222.7792958143282,32.927754620807924
3393,,,,,,,,,,,,,,11165.998404240263,2108.1405254861584,73.16379182235055
3394,,,,,,,,,,,,,,12055.290078411172,2182.152335254264,70.8664792239011
3395,,,,,,,,,,,,,,11784.280841619318,2187.0883731356535,70.94439098011364
3396,,,,,,,,,,,,,,10853.534928831335,1414.0955657262236,43.28926985231164
3397,,,,,,,,,,,,,,13731.843197292752,2776.9920264350044,68.11336771647136
3398,,,,,,,,,,,,,,12596.648971905537,2602.956820509721,65.26248695796009
3399,,,,,,,,,,,,,,12879.953068723516,2991.144000761388,75.88078820180085
3400,,,,,,,,,,,,,,13864.141142384105,2861.027072123344,72.0120873861755
3401,,,,,,,,,,,,,,14290.240961193647,2839.3589683657788,68.22419953893443
3402,,,,,,,,,,,,,,13815.952207623106,2424.2387177438445,70.03219203756314
3403,,,,,,,,,,,,,,12166.968743194686,2168.4671039647756,71.03188119283537
3404,,,,,,,,,,,,,,8876.589977403626,1551.3521167170393,77.70929266936588
3405,,,,,,,,,,,,,,8992.312333004182,1765.5892860384236,77.56359636384758
3406,,,,,,,,,,,,,,8597.912769359547,1575.7821755880839,76.91164792239012
3407,,,,,,,,,,,,,,11104.977415424311,1444.0738446996847,35.63176515911697
3408,,,,,,,,,,,,,,17784.024909600583,1576.6488539904292,19.626004553144906
3409,,,,,,,,,,,,,,16830.75481039565,1577.1848993831788,24.570843379396127
3410,,,,,,,,,,,,,,14879.188517111808,2702.782169962424,59.29855779628028
3411,,,,,,,,,,,,,,14106.968560808404,2773.9973506221063,55.49843916933761
3412,,,,,,,,,,,,,,13277.490520911302,2873.332115310395,59.96694891467066
3413,,,,,,,,,,,,,,13174.172018063296,2471.558425806131,63.08429382712978
3414,,,,,,,,,,,,,,10638.440573005546,2451.176307860495,68.44854382199232
3415,,,,,,,,,,,,,,12602.302333004653,2615.274120145631,63.90889051122573
3416,,,,,,,,,,,,,,14461.449127652751,2637.7535108879433,60.26345324160448
3417,,,,,,,,,,,,,,13719.34730859375,2776.0921142578127,63.56180859375
3418,,,,,,,,,,,,,,14441.038361760497,2956.7334878936067,64.14712361343034
3419,,,,,,,,,,,,,,13449.091445436903,2574.14709939167,70.19391763286227
3420,,,,,,,,,,,,,,13987.861460744598,2663.8650128399886,62.45739293981482
3421,,,,,,,,,,,,,,15403.830536813446,3019.623415305398,58.42210582386364
3422,,,,,,,,,,,,,,16995.750142045454,2970.4754838423296,50.299431818181816
3423,,,,,,,,,,,,,,16776.709336224725,3046.4392855775122,52.53024112477022
3424,,,,,,,,,,,,,,15336.556149675547,3046.5288065925974,55.40770283683402
3425,,,,,,,,,,,,,,15535.107868303572,2977.3705109831576,52.51006366680195
3426,,,,,,,,,,,,,,15562.506321431425,2861.7226187859656,54.60271764106458
3427,,,,,,,,,,,,,,13281.456809019432,2994.3639792417866,70.77100548377403
3428,,,,,,,,,,,,,,15333.992982925907,3180.0445704306326,67.73280383694556
3429,,,,,,,,,,,,,,11881.97134567482,2419.9744802281475,77.25959154211957
3430,,,,,,,,,,,,,,4407.187428239817,1171.4549123745758,73.34510096345846
3431,,,,,,,,,,,,,,4770.348453548405,981.5850080298933,48.23196432473776
3432,,,,,,,,,,,,,,11471.140393708882,2716.5525297007166,69.24589550046993
3433,,,,,,,,,,,,,,16582.290961869265,2782.4020624283257,35.20907307196101
3434,,,,,,,,,,,,,,12740.609458797442,2755.2608694951527,69.98070563892327
3435,,,,,,,,,,,,,,14844.052077248833,2888.5224616980627,62.838588821553735
3436,,,,,,,,,,,,,,14294.609686411572,2758.908631693837,63.316379039280186
3437,,,,,,,,,,,,,,15657.62485280797,2721.4393123018567,54.725271739130434
3438,,,,,,,,,,,,,,13989.195716038223,2913.759044636708,56.132796358471076
3439,,,,,,,,,,,,,,15244.861506709347,2846.4195709228516,46.207604302300346
3440,,,,,,,,,,,,,,12668.674314103037,2513.8593272083212,51.44768250663326
3441,,,,,,,,,,,,,,13691.368544426517,2149.9011736883635,36.20449165675951
3442,,,,,,,,,,,,,,14224.636565769179,2437.6042223754357,44.32906069776019
3443,,,,,,,,,,,,,,13581.615226546844,2242.2319959743704,39.35613316476704
3444,,,,,,,,,,,,,,13735.667759312655,2222.2294787932515,46.59348333268392
3445,,,,,,,,,,,,,,12852.31103515625,2621.008430882504,64.51389674136513
3446,,,,,,,,,,,,,,11816.419551557721,2338.2695025056146,55.71830203555046
3447,,,,,,,,,,,,,,5598.656691894531,738.653415222168,76.7126220703125
3448,,,,,,,,,,,,,,5972.126525338772,897.1256711166517,71.81896864629425
3449,,,,,,,,,,,,,,6810.330712188062,1077.514045111567,68.57672338691546
3450,,,,,,,,,,,,,,8118.918806100399,1582.4476920919215,74.73541181848404
3451,,,,,,,,,,,,,,7567.766987432701,1208.2552204489261,71.80250943644663
3452,,,,,,,,,,,,,,10797.97128766241,1903.0796856623824,71.74087491599462
3453,,,,,,,,,,,,,,10027.875626540099,1731.3272420684923,72.84338772681451
3454,,,,,,,,,,,,,,9173.732508829195,1636.7286594338614,65.44361020440925
3455,,,,,,,,,,,,,,14514.917950732242,2726.1771524014066,68.89987711888837
3456,,,,,,,,,,,,,,10863.15831418505,2211.6512312346813,71.44185431985294
3457,,,,,,,,,,,,,,10393.278627622378,1943.366145634151,69.6767526906687
3458,,,,,,,,,,,,,,8545.015921388618,1576.79547760366,78.58568670963035
3459,,,,,,,,,,,,,,16269.8203813326,2012.3721523200888,39.95956945209251
3460,,,,,,,,,,,,,,9465.923503405942,1373.9573935522822,49.44376226716441
3461,,,,,,,,,,,,,,7933.430572769122,1218.3638858957263,50.174674663597735
3462,,,,,,,,,,,,,,7322.240148409991,1052.460067820661,46.88694569762324
3463,,,,,,,,,,,,,,8321.629302509014,1702.842643385667,77.39485614483173
3464,,,,,,,,,,,,,,9258.093201971255,1893.3409150843881,80.0774080300633
3465,,,,,,,,,,,,,,8129.320915548211,1962.3372213249534,77.68367826021634
3466,,,,,,,,,,,,,,9946.247078156375,2069.1544812060743,75.66924534073796
3467,,,,,,,,,,,,,,9760.365840242346,1716.7203797632335,71.28451052295918
3468,,,,,,,,,,,,,,12377.168210302561,2484.5974181481893,72.0981859402606
3469,,,,,,,,,,,,,,12541.384876834964,2523.7938853633786,72.18760947230872
3470,,,,,,,,,,,,,,14377.79218542955,2495.8161276018664,68.58052154648851
3471,,,,,,,,,,,,,,13409.940133545802,2866.951089907209,74.5593940376805
3472,,,,,,,,,,,,,,14506.79685345818,2835.3857125674976,73.77772791245404
3473,,,,,,,,,,,,,,13751.199567263011,2560.3809746384177,76.14557315868959
3474,,,,,,,,,,,,,,14044.961611960432,2566.904474272145,70.38106838747751
3475,,,,,,,,,,,,,,13028.85115017361,2566.866542787905,75.28377821180555
3476,,,,,,,,,,,,,,12280.854760094027,2122.6537578211423,63.3458975732854
3477,,,,,,,,,,,,,,11644.90732284331,2106.97158283359,72.40327217209507
3478,,,,,,,,,,,,,,10223.090553566262,1880.51860498499,70.57089572482639
3479,,,,,,,,,,,,,,10775.568448505705,2134.4805893670946,70.29747372581845
3480,,,,,,,,,,,,,,11890.078935585474,2139.4348149356165,68.52060238080534
3481,,,,,,,,,,,,,,12207.56423025804,2036.1350117916884,65.7387046972251
3482,,,,,,,,,,,,,,10427.895130018249,1711.2766609284708,52.10932153854927
3483,,,,,,,,,,,,,,12458.690835782798,2346.266521793781,65.50548712097772
3484,,,,,,,,,,,,,,12609.121347788217,2466.4555268158783,69.9932382944468
3485,,,,,,,,,,,,,,13499.066045537726,2505.6359694655594,63.1298828125
3486,,,,,,,,,,,,,,11394.910320779552,1971.6047529137652,56.67631331734035
3487,,,,,,,,,,,,,,11057.11928100586,1720.7922317504883,47.22882843017578
3488,,,,,,,,,,,,,,11462.61367095804,1797.2286015900088,47.575360365316904
3489,,,,,,,,,,,,,,12442.181303070125,1706.3196136982297,36.730854140191774
3490,,,,,,,,,,,,,,11752.534061418684,1490.1104121752676,33.88924885786116
3491,,,,,,,,,,,,,,12505.937484106578,1607.1837791732594,35.156136097140596
3492,,,,,,,,,,,,,,13003.840098505434,3090.562447890934,72.80400236227767
3493,,,,,,,,,,,,,,12791.57846595501,3167.484203470164,73.6300364527209
3494,,,,,,,,,,,,,,12422.593586591136,3119.5993136827688,78.90942869148407
3495,,,,,,,,,,,,,,12610.021044438428,3120.3987529490255,82.42036906327351
3496,,,,,,,,,,,,,,10791.489863432655,3171.595406938893,85.56231263626454
3497,,,,,,,,,,,,,,11272.47614756572,2439.526553698364,90.37089466537017
3498,,,,,,,,,,,,,,12437.202131672479,2563.531461658396,87.19609416912553
3499,,,,,,,,,,,,,,13652.508999208861,2745.1155660766085,88.36656324169304
3500,,,,,,,,,,,,,,15061.500317581302,3111.144535219766,80.33850990853658
3501,,,,,,,,,,,,,,16003.857460171568,3107.7123688342526,79.40953584558824
3502,,,,,,,,,,,,,,15955.73297435259,3021.674488569161,81.01766566546314
3503,,,,,,,,,,,,,,15909.113217213115,2962.050034820056,82.32988001088627
3504,,,,,,,,,,,,,,14677.36283172123,2838.46917530847,82.66041201636905
3505,,,,,,,,,,,,,,15560.691562639013,2716.9838971446843,75.52243834797598
3506,,,,,,,,,,,,,,14760.886544363839,2519.0840698242187,74.02033865792411
3507,,,,,,,,,,,,,,11894.376535495378,2363.69964540733,69.61971368820338
3508,,,,,,,,,,,,,,13172.308609250993,2704.279239715092,82.32793317522321
3509,,,,,,,,,,,,,,13427.856765102333,2589.9858157735475,69.63943008637764
3510,,,,,,,,,,,,,,16169.817669224823,3173.1750436519987,71.1554891094302
3511,,,,,,,,,,,,,,16430.528079223634,3157.74299697876,72.26089782714844
3512,,,,,,,,,,,,,,15944.42743727993,3056.6244456976233,64.88196110255282
3513,,,,,,,,,,,,,,14626.234452813746,2862.0813114728585,78.0836711746763
3514,,,,,,,,,,,,,,12814.121136394651,2612.6622714246723,73.95431265352074
3515,,,,,,,,,,,,,,10323.091755048301,1299.8848526881839,33.838654416899445
3516,,,,,,,,,,,,,,11366.030854430379,2347.3865158145436,71.58815639833861
3517,,,,,,,,,,,,,,9835.767673703458,2052.5743605593416,67.93783244680851
3518,,,,,,,,,,,,,,11797.928755482457,2551.2092533580044,69.49565172697369
3519,,,,,,,,,,,,,,12992.256355988695,2813.8902900357293,69.62241860868174
3520,,,,,,,,,,,,,,12147.23436114805,2779.327728487921,68.78072016289893
3521,,,,,,,,,,,,,,12203.336459926792,2447.5960633604677,68.3468384642701
3522,,,,,,,,,,,,,,11788.791818743966,2381.431813125905,68.58056263573842
3523,,,,,,,,,,,,,,12149.46791125882,2496.8879473286293,69.65311358051915
3524,,,,,,,,,,,,,,11967.841168795383,2216.076143003598,68.5977210840249
3525,,,,,,,,,,,,,,11132.253424149525,1980.5208946260218,67.55991643591773
3526,,,,,,,,,,,,,,11236.33038937998,2222.09513168031,70.79275281685757
3527,,,,,,,,,,,,,,10692.274703925574,2144.198400059353,70.46203311340548
3528,,,,,,,,,,,,,,13647.800220170455,2984.013612393466,73.8347354403409
3529,,,,,,,,,,,,,,14383.692921605603,2995.4486986649904,71.42567461386494
3530,,,,,,,,,,,,,,12761.076208842665,2359.012016801804,63.17234325709779
3531,,,,,,,,,,,,,,17441.299798804594,2895.06394498894,56.52948071583208
3532,,,,,,,,,,,,,,16919.573262965427,2755.900596178049,64.93949319671353
3533,,,,,,,,,,,,,,7899.842726656063,1330.7663910460328,53.47121772080838
3534,,,,,,,,,,,,,,9050.86271587171,1650.977073910362,71.46853412828948
3535,,,,,,,,,,,,,,9054.36286342544,1381.9783321098994,68.3248348364094
3536,,,,,,,,,,,,,,14873.7685546875,3126.709862685785,75.8167665062881
3537,,,,,,,,,,,,,,16468.696471455496,3152.021762714312,67.36831795659047
3538,,,,,,,,,,,,,,17994.439265195448,3222.8958157149377,61.99376812177835
3539,,,,,,,,,,,,,,18222.56964917453,3190.3669111143868,57.99900961821934
3540,,,,,,,,,,,,,,16674.985482379285,3073.8873477353486,53.34245400116822
3541,,,,,,,,,,,,,,15527.189384727626,2981.1341576483464,62.409542573565176
3542,,,,,,,,,,,,,,17183.61470734127,2994.963419596354,68.90191359747024
3543,,,,,,,,,,,,,,16887.942571118274,3124.598118256026,69.53716411505044
3544,,,,,,,,,,,,,,16689.00732263855,3014.5421620588086,65.18247022906553
3545,,,,,,,,,,,,,,16563.67914101304,3082.2690268004967,66.99636052617963
3546,,,,,,,,,,,,,,15849.446504237289,3121.836251986229,69.57645325741525
3547,,,,,,,,,,,,,,13003.547187958788,2138.466630103604,51.85485430211829
3548,,,,,,,,,,,,,,13066.970628004809,3018.9598008599473,79.5486564217033
3549,,,,,,,,,,,,,,15313.750710227272,3094.31482421875,74.45613813920454
3550,,,,,,,,,,,,,,13523.69145916718,2921.8197532616227,76.64334903209668
3551,,,,,,,,,,,,,,13149.063763552296,2762.750548070791,81.37739158163265
3552,,,,,,,,,,,,,,12874.556494140625,2580.099489048549,76.3866472516741
3553,,,,,,,,,,,,,,10833.57158325706,2196.3713164389383,75.98464774287396
3554,,,,,,,,,,,,,,10916.859601947623,2487.3985776229642,71.56480214293573
3555,,,,,,,,,,,,,,11572.814551802046,2864.4300634935757,74.36220090646778
3556,,,,,,,,,,,,,,10270.74898147583,2377.004068374634,81.10185241699219
3557,,,,,,,,,,,,,,10019.728827684445,2111.3580882136985,77.26131674400845
3558,,,,,,,,,,,,,,10474.483091001157,2601.821988028067,79.9751953125
3559,,,,,,,,,,,,,,11612.945369720459,2654.9046869277954,77.5792121887207
3560,,,,,,,,,,,,,,8327.328011010997,2058.788200351835,73.95505090374564
3561,,,,,,,,,,,,,,11277.819828003876,2142.39580589117,79.08868550145348
3562,,,,,,,,,,,,,,9042.251358079468,1645.0486951892958,55.9986772566757
3563,,,,,,,,,,,,,,10805.117387168913,2382.1090981862803,77.33817379182156
3564,,,,,,,,,,,,,,15126.535880253232,2980.938546437231,72.03053946659483
3565,,,,,,,,,,,,,,16665.627075195312,3102.3753538389465,72.73435190561655
3566,,,,,,,,,,,,,,13632.661461706606,2612.061998436488,62.15596538010039
3567,,,,,,,,,,,,,,14893.409374304938,3211.3819184761455,72.33280103147241
3568,,,,,,,,,,,,,,17384.499347918332,3104.4984360959966,69.40028610473243
3569,,,,,,,,,,,,,,15100.255311129386,3090.5810709635416,73.15883018092106
3570,,,,,,,,,,,,,,15483.457482220723,2885.421034702035,73.47093185475498
3571,,,,,,,,,,,,,,15234.266907883713,2585.816533883839,67.25122397578754
3572,,,,,,,,,,,,,,16894.523718930115,3168.013596592444,64.07761420434078
3573,,,,,,,,,,,,,,17796.66754725494,3192.6440511315063,64.73174807655775
3574,,,,,,,,,,,,,,15886.555022502023,2973.8001230974414,68.67181337226941
3575,,,,,,,,,,,,,,16263.686978958665,2829.1463650346946,66.82210026457668
3576,,,,,,,,,,,,,,15539.807451723422,2978.337554019155,70.52990519881645
3577,,,,,,,,,,,,,,15359.85841624715,2739.118401524506,68.16974526263297
3578,,,,,,,,,,,,,,14733.418502410548,2485.7783983648933,76.6332789991868
3579,,,,,,,,,,,,,,16041.675905039612,2911.114509689976,72.20145727882922
3580,,,,,,,,,,,,,,16086.242553279593,3016.4076415152936,71.03472490613957
3581,,,,,,,,,,,,,,16736.776329506632,2988.155339379019,66.78030012811494
3582,,,,,,,,,,,,,,9245.626039447206,1434.9793543960109,75.05297296697444
3583,,,,,,,,,,,,,,8415.53548111454,1637.0223373905305,77.0723168157762
3584,,,,,,,,,,,,,,9823.305801391602,2019.0318908691406,74.78011322021484
3585,,,,,,,,,,,,,,13254.866282301682,2818.631294133113,75.99983473557693
3586,,,,,,,,,,,,,,15252.501773324684,2685.5088842509026,71.1405544900722
3587,,,,,,,,,,,,,,15027.176223533741,2833.238235252491,80.57729704483695
3588,,,,,,,,,,,,,,16208.305502448284,2639.7393622599857,66.11083812444983
3589,,,,,,,,,,,,,,16378.040699821206,3174.144821546564,78.98566493703358
3590,,,,,,,,,,,,,,7255.931085324755,1290.4677499808517,77.31713579963235
3591,,,,,,,,,,,,,,7364.4292010683,999.0924560084487,74.22197931463069
3592,,,,,,,,,,,,,,7931.945999796357,1500.6553440184389,75.70195867890995
3593,,,,,,,,,,,,,,8761.25975467699,1626.1927747512611,78.27759117502802
3594,,,,,,,,,,,,,,15257.359344308035,3035.42388671875,56.9925
3595,,,,,,,,,,,,,,10547.179401373407,2021.1935525882016,60.637221026572455
3596,,,,,,,,,,,,,,13182.714686239919,2118.373337987381,45.75350009900634
3597,,,,,,,,,,,,,,14012.654343133223,2302.231727680407,52.09850560238487
3598,,,,,,,,,,,,,,15277.752478335084,2486.84709205948,47.08652015493698
3599,,,,,,,,,,,,,,14146.855596763811,2987.7604568995785,76.88106236832866
3600,,,,,,,,,,,,,,13492.904121690124,2641.262710221851,77.05656794191317
3601,,,,,,,,,,,,,,6757.087449841926,934.7024764124058,55.66625691573444
3602,,,,,,,,,,,,,,7165.642413814484,1195.9193217928448,64.65842633928571
3603,,,,,,,,,,,,,,7931.631953862028,1513.1276597508845,71.59974941037736
3604,,,,,,,,,,,,,,6973.668956624035,1130.797907413203,72.23261040057915
3605,,,,,,,,,,,,,,13929.590602805398,2705.9545243696734,79.45514914772727
3606,,,,,,,,,,,,,,14538.855733880091,2956.9886877828053,75.50895697822398
3607,,,,,,,,,,,,,,13703.85786401944,2837.5085564560777,79.18839197834646
3608,,,,,,,,,,,,,,14378.099031888521,3334.4795884352466,79.99507493239183
3609,,,,,,,,,,,,,,15234.623955502717,2836.8548477836275,68.09183508831522
3610,,,,,,,,,,,,,,13773.48032142376,2798.881253998855,69.0064592032597
3611,,,,,,,,,,,,,,11928.010012909066,2186.2809429905446,70.87256697626073
3612,,,,,,,,,,,,,,12342.709940247616,2408.358635336666,70.80318541445975
3613,,,,,,,,,,,,,,13618.190729166667,2388.3469487847224,75.53361328125
3614,,,,,,,,,,,,,,13394.83680123257,2247.3897549450635,72.49245595742032
3615,,,,,,,,,,,,,,12743.37509706796,2344.024868517037,72.59770919615964
3616,,,,,,,,,,,,,,12728.839541397909,3041.9395313195064,77.95479836243328
3617,,,,,,,,,,,,,,13798.197496202258,2802.884128994412,72.97092183430989
3618,,,,,,,,,,,,,,13915.26323642418,2788.396377113217,75.29060098616803
3619,,,,,,,,,,,,,,12923.850472463688,2847.481084259463,74.04531387544014
3620,,,,,,,,,,,,,,15108.683747944078,2954.0682865611293,73.12016344572369
3621,,,,,,,,,,,,,,14328.055134644002,2961.5208780477337,77.92933336195055
3622,,,,,,,,,,,,,,14149.038178267045,2798.600567294034,77.39468394886363
3623,,,,,,,,,,,,,,15253.771236309285,2694.5323812110632,68.62007322648714
3624,,,,,,,,,,,,,,12669.265253976255,2475.2408250378026,80.36678322412635
3625,,,,,,,,,,,,,,13302.213534007353,2663.473728553922,81.48039407169118
3626,,,,,,,,,,,,,,14286.35450287979,2575.1160452070026,78.59044964644161
3627,,,,,,,,,,,,,,14704.648160026522,2513.9005221546354,76.37685582910517
3628,,,,,,,,,,,,,,13726.07587264972,2508.2433823609417,64.92059377176184
3629,,,,,,,,,,,,,,12029.794342341189,1935.3702264504354,53.10099417264344
3630,,,,,,,,,,,,,,12447.879455371405,2669.7376065482727,62.172882762579874
3631,,,,,,,,,,,,,,13338.823321906888,2569.8005329573234,64.54471261160714
3632,,,,,,,,,,,,,,11761.533827243891,2464.6939008899203,72.85984125352444
3633,,,,,,,,,,,,,,10899.93067113904,2013.7535732103431,76.85059124490489
3634,,,,,,,,,,,,,,12534.64976283482,3143.8767529600154,59.30525008491848
3635,,,,,,,,,,,,,,13317.667863406523,3321.1487684778153,59.82694344478863
3636,,,,,,,,,,,,,,13083.892603093927,3172.9404484141955,58.73261469060724
3637,,,,,,,,,,,,,,12552.33646057279,3229.1955650385826,58.94619068642506
3638,,,,,,,,,,,,,,13133.952278917666,2795.8566257421057,48.886687659022705
3639,,,,,,,,,,,,,,11911.429561491936,3075.77225689035,65.74495394978005
3640,,,,,,,,,,,,,,11162.78501896965,3265.838470946486,67.60751391523563
3641,,,,,,,,,,,,,,11501.058983770317,3148.1354670568885,63.910262069465944
3642,,,,,,,,,,,,,,6017.724245789231,915.3544792257329,59.53718025453629
3643,,,,,,,,,,,,,,6580.589477158781,1079.946920709818,60.228424357476634
3644,,,,,,,,,,,,,,5634.321335018382,988.9088258631089,57.16427791819853
3645,,,,,,,,,,,,,,5410.374310825893,1271.4973531668527,59.238318917410716
3646,,,,,,,,,,,,,,7252.719749556354,1805.8238914257272,54.92914917330332
3647,,,,,,,,,,,,,,7881.602209106778,1519.0553101583787,63.10890334958277
3648,,,,,,,,,,,,,,9978.376462913784,2388.4811789772725,77.84117735610178
3649,,,,,,,,,,,,,,12183.422799432828,2909.841384181773,75.20465066169929
3650,,,,,,,,,,,,,,11051.525118623065,1648.12524201561,40.90082601698501
3651,,,,,,,,,,,,,,0.0,129.93170415619272,0.0
3652,,,,,,,,,,,,,,8658.192732377485,1943.475805571585,80.14336048473011
3653,,,,,,,,,,,,,,11800.668300618036,2054.9131573435325,56.77057037778552
3654,,,,,,,,,,,,,,10115.34996754119,1650.296044292286,57.59173391609957
3655,,,,,,,,,,,,,,8410.898028994277,1327.7280208104094,56.472470565580984
3656,,,,,,,,,,,,,,7660.900787628449,813.0480727462082,35.1436767578125
3657,,,,,,,,,,,,,,8553.759358490777,1532.0093924186292,55.96484235091332
3658,,,,,,,,,,,,,,16357.070417131696,3047.761088344029,68.24044712611607
3659,,,,,,,,,,,,,,16616.310130511145,3207.1683482088783,68.84211482558139
3660,,,,,,,,,,,,,,15786.353329613095,3145.8388431609624,65.41790364583333
3661,,,,,,,,,,,,,,13311.652734375,2900.29614175053,75.15961831302967
3662,,,,,,,,,,,,,,16576.7513383709,3116.2828581262806,64.55185546875
3663,,,,,,,,,,,,,,16530.96473222058,3116.555582455606,54.49202020586699
3664,,,,,,,,,,,,,,17197.03365843549,3009.1682482164388,56.755672540695336
3665,,,,,,,,,,,,,,15332.122374257024,2855.407541060654,56.66557237256844
3666,,,,,,,,,,,,,,17012.858733675374,3103.140049265392,58.69538829291045
3667,,,,,,,,,,,,,,17065.11487341064,3120.2732619146223,58.46038625984957
3668,,,,,,,,,,,,,,15570.828948144826,3041.3975022422583,59.627845602813444
3669,,,,,,,,,,,,,,9790.024612368295,1982.5337278870331,76.27890961745689
3670,,,,,,,,,,,,,,12114.277771258046,2304.0310079550027,79.26148194407189
3671,,,,,,,,,,,,,,13647.543654421543,2674.738116065492,78.13187957114361
3672,,,,,,,,,,,,,,15686.249056541314,3169.6546651549256,71.90836533368645
3673,,,,,,,,,,,,,,15599.232733050847,3153.3812706898834,75.24182335805085
3674,,,,,,,,,,,,,,16601.024659910403,3224.7034698699736,76.53788106424825
3675,,,,,,,,,,,,,,14113.110133356227,3040.7357110662774,78.74099630837912
3676,,,,,,,,,,,,,,12485.016646984011,2788.389550970506,79.77663403888081
3677,,,,,,,,,,,,,,12928.60208285812,2687.408408060561,77.1942557453239
3678,,,,,,,,,,,,,,14580.008646950793,3210.374740372843,79.69584632987407
3679,,,,,,,,,,,,,,15589.87674847771,3289.8512025720934,71.43100514131434
3680,,,,,,,,,,,,,,16736.354812805912,2882.777437876506,65.34223662227033
3681,,,,,,,,,,,,,,18651.388433465374,2748.043154434419,47.09914172535211
3682,,,,,,,,,,,,,,17856.78337081755,2830.24586193971,49.17519679214015
3683,,,,,,,,,,,,,,14502.60865266658,3040.04065445829,67.18906572830579
3684,,,,,,,,,,,,,,14298.949524769585,3019.7749754734305,67.01962575604838
3685,,,,,,,,,,,,,,12929.436887094666,2980.815294848326,73.10631251634415
3686,,,,,,,,,,,,,,12623.934691189943,2770.228154583164,70.26826839881922
3687,,,,,,,,,,,,,,14485.658150253781,3069.871299792247,64.91000696656052
3688,,,,,,,,,,,,,,15765.36154815297,3079.692254714024,64.58073368778935
3689,,,,,,,,,,,,,,16693.006700721155,2641.2851449819714,50.6052004635989
3690,,,,,,,,,,,,,,12164.609810169955,2729.481453878838,71.7198550575658
3691,,,,,,,,,,,,,,14398.241308931661,3039.274957254271,68.52232408358564
3692,,,,,,,,,,,,,,11454.49018618935,2370.15113750257,66.74053151983964
3693,,,,,,,,,,,,,,12865.914332932693,2395.980369591346,61.80391676682692
3694,,,,,,,,,,,,,,11900.0091784706,2099.8654461917104,63.21625383323598
3695,,,,,,,,,,,,,,11943.154137073863,2407.7581121271305,66.75509765625
3696,,,,,,,,,,,,,,13178.177702180632,2448.652059366415,53.91312752189217
3697,,,,,,,,,,,,,,14644.493431544735,2376.8922537870185,50.466865007267444
3698,,,,,,,,,,,,,,13674.73043139515,2355.454296341359,53.78411965292008
3699,,,,,,,,,,,,,,14745.43100349448,2488.4556394397705,54.24522569444444
3700,,,,,,,,,,,,,,10811.17025487907,1896.583303400383,73.98107489224138
3701,,,,,,,,,,,,,,9937.828256460336,2030.7622563288762,74.74480731670673
3702,,,,,,,,,,,,,,8601.564285057178,2065.3824038298235,74.55781356148098
3703,,,,,,,,,,,,,,9219.682073863636,2341.965633433949,74.07932173295454
3704,,,,,,,,,,,,,,16242.696078664889,3059.896689810404,62.38143697599085
3705,,,,,,,,,,,,,,15544.810857992257,3111.0400023333796,54.83862952848451
3706,,,,,,,,,,,,,,17213.59210874496,3331.997553080897,72.99508726058468
3707,,,,,,,,,,,,,,17107.4445703125,3435.5120979817707,74.035537109375
3708,,,,,,,,,,,,,,14926.342164398522,2945.097670250896,73.03306661626344
3709,,,,,,,,,,,,,,14747.44918885523,2787.9962274460568,72.14917490433673
3710,,,,,,,,,,,,,,13752.115611840647,3213.1632677443486,76.60723487367021
3711,,,,,,,,,,,,,,14057.664158442982,3176.8767749451754,73.30970394736842
3712,,,,,,,,,,,,,,15420.998560855263,3097.4280959968282,74.69175502232143
3713,,,,,,,,,,,,,,15552.94935825893,3051.8164286072,75.03789813701923
3714,,,,,,,,,,,,,,17162.510081778328,3103.5248926835093,74.81847002866456
3715,,,,,,,,,,,,,,15761.516598381515,2834.0443302117264,72.1140335530334
3716,,,,,,,,,,,,,,15849.429530201342,2810.5760661899644,73.31533137583892
3717,,,,,,,,,,,,,,7000.897666339944,2115.43134468332,80.73779296875
3718,,,,,,,,,,,,,,12031.969504908511,2601.630327726665,73.27545969109786
3719,,,,,,,,,,,,,,11880.714464706873,2388.7283909224434,58.77055782513477
3720,,,,,,,,,,,,,,11690.936008998326,2516.106761387416,64.63977486746651
3721,,,,,,,,,,,,,,10598.295384931389,2319.211097407605,77.67867219931965
3722,,,,,,,,,,,,,,12787.936636117789,2352.721123509153,55.356367303069526
3723,,,,,,,,,,,,,,14105.995693801036,2487.783237476445,50.04701976680276
3724,,,,,,,,,,,,,,15442.537103284174,2426.9826992613857,38.69736206308472
3725,,,,,,,,,,,,,,14985.605583482753,2589.6264388287655,47.305143762807376
3726,,,,,,,,,,,,,,13230.039772727272,2930.803337209036,62.74797384759897
3727,,,,,,,,,,,,,,11871.167667164522,2572.475823615579,58.886007869944855
3728,,,,,,,,,,,,,,12288.633264612268,2522.7716163917826,71.52733289930555
3729,,,,,,,,,,,,,,10361.620001016496,2604.2705658980017,73.57593227230483
3730,,,,,,,,,,,,,,9587.966447850857,2218.9311655643614,72.99525820735559
3731,,,,,,,,,,,,,,9372.549557940392,1906.256267289674,75.03585478758897
3732,,,,,,,,,,,,,,10352.335671875,2291.3393608398437,79.586619140625
3733,,,,,,,,,,,,,,9542.727889827805,2142.2080541493942,79.21304009885205
3734,,,,,,,,,,,,,,7665.070367203709,1589.370437305498,80.70616814704357
3735,,,,,,,,,,,,,,7166.971799935867,1376.8155499358675,76.35567462978078
3736,,,,,,,,,,,,,,5714.187936221852,1064.4083399492151,60.487771426930145
3737,,,,,,,,,,,,,,11594.85952240566,2317.638260060436,78.02296211674528
3738,,,,,,,,,,,,,,10238.562234396462,2062.121140197083,65.7399419428228
3739,,,,,,,,,,,,,,12676.112654500932,2718.355103450035,79.76168777693563
3740,,,,,,,,,,,,,,16882.894146225357,3340.1319304435483,72.65768334173387
3741,,,,,,,,,,,,,,17768.468129139073,3251.5458774187705,68.74127561051324
3742,,,,,,,,,,,,,,16772.105827151725,3256.0509267479483,69.22301629577021
3743,,,,,,,,,,,,,,15848.721838736767,2940.897354374491,68.94322418312296
3744,,,,,,,,,,,,,,14752.800321467656,3217.550963642996,75.87895184824903
3745,,,,,,,,,,,,,,14572.94260653409,3087.0314035866477,73.25351207386363
3746,,,,,,,,,,,,,,14723.915469252412,2901.7322633013464,71.33195588826366
3747,,,,,,,,,,,,,,15566.072149080504,2916.2576617959103,72.74227189429013
3748,,,,,,,,,,,,,,16476.63688769119,3125.793006864781,71.71382392207279
3749,,,,,,,,,,,,,,15092.19630248604,2903.520259477019,69.30154639175258
3750,,,,,,,,,,,,,,12345.475210472134,2044.029851810166,45.327003892148014
3751,,,,,,,,,,,,,,13701.598254788307,3038.819761214718,71.56310378864248
3752,,,,,,,,,,,,,,13935.352119862842,2848.994291937236,66.98594817624598
3753,,,,,,,,,,,,,,16217.39368005701,3154.2646014239335,66.34693537531672
3754,,,,,,,,,,,,,,15837.306330500422,3278.382931271115,70.56302292282517
3755,,,,,,,,,,,,,,15468.077969269103,3215.6845135356107,67.61813648515366
3756,,,,,,,,,,,,,,15236.193031553667,3225.8949436147304,74.64192593308304
3757,,,,,,,,,,,,,,15456.333516770155,3209.9070921658695,73.96343457349349
3758,,,,,,,,,,,,,,11671.925418738163,2389.7878935842805,70.44277121803977
3759,,,,,,,,,,,,,,8938.631840208182,2235.896725668504,68.34429664723032
3760,,,,,,,,,,,,,,12698.781100260416,2626.252139485677,69.7581201171875
3761,,,,,,,,,,,,,,9828.19522903312,2035.572011051015,46.5965325771234
3762,,,,,,,,,,,,,,9607.660480556204,2810.002295650653,71.43586298245103
3763,,,,,,,,,,,,,,8416.654184570312,2222.3251749674478,73.263837890625
3764,,,,,,,,,,,,,,9282.866260104709,2550.5905448065864,69.89332580566406
3765,,,,,,,,,,,,,,10144.713484098673,2595.012126174387,64.17496012108118
3766,,,,,,,,,,,,,,10625.32176414696,2715.767374399546,73.18126286687078
3767,,,,,,,,,,,,,,12591.193863932293,2502.2423706054688,74.087060546875
3768,,,,,,,,,,,,,,11979.52270703125,2329.017126953125,74.88146484375
3769,,,,,,,,,,,,,,7955.2514484584735,1951.8929279506606,70.21151917732801
3770,,,,,,,,,,,,,,7396.073407763841,1431.8093739017895,74.63721547902249
3771,,,,,,,,,,,,,,8676.678215754748,1768.382049021367,70.90226265735424
3772,,,,,,,,,,,,,,7163.665463867187,1186.337964070638,68.0530322265625
3773,,,,,,,,,,,,,,6716.242681069494,1147.3232820696778,76.66468651286101
3774,,,,,,,,,,,,,,15189.944151363832,3267.775257228576,67.83168391591495
3775,,,,,,,,,,,,,,16532.846670144543,3210.724315929102,64.28570337947883
3776,,,,,,,,,,,,,,16642.438511131084,3164.173069776687,56.96871111034292
3777,,,,,,,,,,,,,,17671.217603165063,2908.937339117588,46.43494966947115
3778,,,,,,,,,,,,,,16339.860266927084,2561.364144965278,42.350498046875
3779,,,,,,,,,,,,,,17357.80864759555,2968.1189319734885,50.31947544642857
3780,,,,,,,,,,,,,,16900.124101803627,3216.57758623288,57.884426540798614
3781,,,,,,,,,,,,,,18014.387350171233,3042.5856793129283,53.16433674015411
3782,,,,,,,,,,,,,,17622.337655850384,3071.6975278732416,52.3132755055147
3783,,,,,,,,,,,,,,15477.501485732788,3174.234989268257,53.42955302682152
3784,,,,,,,,,,,,,,14199.213340559554,3154.102153678215,53.828624785258505
3785,,,,,,,,,,,,,,17496.941461921022,3105.678837357111,47.65854179038005
3786,,,,,,,,,,,,,,18050.40581273321,3289.9260770123988,48.48508920242537
3787,,,,,,,,,,,,,,14035.257083298977,2788.6159345883493,55.82245501113127
3788,,,,,,,,,,,,,,13425.85433551972,2714.2069248464654,55.575439453125
3789,,,,,,,,,,,,,,14682.125043328711,2812.70927434407,67.70731288662543
3790,,,,,,,,,,,,,,12524.086864301353,2434.465523300657,57.71608933369825
3791,,,,,,,,,,,,,,14124.291700932017,2733.2415407415024,57.519775390625
3792,,,,,,,,,,,,,,15100.303052819294,2947.894152907851,63.31440914935947
3793,,,,,,,,,,,,,,15426.582601398764,2930.4820907501403,65.48570827095809
3794,,,,,,,,,,,,,,16138.584529368803,2990.8567178094017,60.12461961092422
3795,,,,,,,,,,,,,,15839.221353220386,3057.8965390227563,57.36166736691497
3796,,,,,,,,,,,,,,15140.424244986007,2982.192048303405,60.21565560867537
3797,,,,,,,,,,,,,,14476.441244982798,2943.146670280247,60.94384765625
3798,,,,,,,,,,,,,,13661.118127441407,3063.055541229248,61.942831420898436
3799,,,,,,,,,,,,,,12431.864845165308,2747.560299196105,71.07874596637228
3800,,,,,,,,,,,,,,14607.916097626432,2711.5954617798784,67.65639722984255
3801,,,,,,,,,,,,,,12760.903628879123,2065.6190723843047,72.84459431966145
3802,,,,,,,,,,,,,,12324.538733588324,2266.309722476535,72.0599365234375
3803,,,,,,,,,,,,,,10757.505897080116,2139.5233696307914,70.77266454512548
3804,,,,,,,,,,,,,,11203.575505118535,2277.0322215113147,66.24088092672413
3805,,,,,,,,,,,,,,12385.743001302084,2445.2643820324784,62.304669074292455
3806,,,,,,,,,,,,,,13319.381453804348,3094.4469546110736,85.67801672894022
3807,,,,,,,,,,,,,,12357.110090886454,3065.679285786541,86.04230733316733
3808,,,,,,,,,,,,,,10147.724444221049,2556.034191355986,83.32671042049633
3809,,,,,,,,,,,,,,11963.210478871457,2797.0139674136512,87.2258765340334
3810,,,,,,,,,,,,,,11531.644575823391,2852.3224915310557,87.33904142894191
3811,,,,,,,,,,,,,,13165.941841634114,2887.9038157145183,85.45213012695312
3812,,,,,,,,,,,,,,13106.209022974308,2897.159569540514,83.5102153069417
3813,,,,,,,,,,,,,,14925.431549428502,3060.766386870744,83.75899615454766
3814,,,,,,,,,,,,,,14099.913478807472,2940.5720373862546,79.6326553520115
3815,,,,,,,,,,,,,,15072.763081305584,3024.236803861475,81.42734645195158
3816,,,,,,,,,,,,,,14504.317920300387,2761.7677844143655,77.32393486555233
3817,,,,,,,,,,,,,,15600.90966426965,2975.2087753758287,75.91734730113636
3818,,,,,,,,,,,,,,14959.30441942402,2684.5581830193014,72.58315716911764
3819,,,,,,,,,,,,,,14813.424344544492,3044.396396649894,77.21128840042373
3820,,,,,,,,,,,,,,16129.709537877934,3001.3306069494583,76.01995959781136
3821,,,,,,,,,,,,,,15748.999411884293,2892.067653273118,74.03498925418215
3822,,,,,,,,,,,,,,15655.657672142348,2880.4517307063925,76.4072302756654
3823,,,,,,,,,,,,,,14703.189994840803,2871.3889906397408,76.45454009433962
3824,,,,,,,,,,,,,,15018.94143618295,2850.2507024889246,78.49644733297414
3825,,,,,,,,,,,,,,13740.626704789518,2434.34883919942,74.16973562338917
3826,,,,,,,,,,,,,,14075.74561428249,2674.2812279656478,74.63097571638086
3827,,,,,,,,,,,,,,15540.366790140086,2878.7086964574355,72.26627828663793
3828,,,,,,,,,,,,,,16190.59201239224,2940.822350653287,69.17941305226293
3829,,,,,,,,,,,,,,15911.26809030813,2997.872746394231,70.3512466537369
3830,,,,,,,,,,,,,,13029.69430311187,1989.1451669046526,55.51368828781513
3831,,,,,,,,,,,,,,13440.406041023663,2543.4759898244597,79.20710961612654
3832,,,,,,,,,,,,,,8833.00009847689,1783.134424033285,87.95357019761029
3833,,,,,,,,,,,,,,8694.55736304111,1923.5922606421298,87.36311315317623
3834,,,,,,,,,,,,,,6574.939046223958,1381.6592850296586,86.00589735243055
3835,,,,,,,,,,,,,,5889.350879182896,783.3134838244732,75.85846898238314
3836,,,,,,,,,,,,,,7514.103805432217,1685.7252315823123,77.15030631744604
3837,,,,,,,,,,,,,,9180.597029274077,1843.626345623328,80.85490637159533
3838,,,,,,,,,,,,,,8195.988857987999,1664.6815933006396,75.86000127377717
3839,,,,,,,,,,,,,,9864.616822220896,1989.096343295265,78.61340611581583
3840,,,,,,,,,,,,,,9176.864447183936,2349.4731454595412,79.31635426568441
3841,,,,,,,,,,,,,,9844.167948820153,2201.8368791852677,77.27815489477041
3842,,,,,,,,,,,,,,13440.547861595676,2509.7834681680756,78.04606231271404
3843,,,,,,,,,,,,,,8964.879186320755,1797.8630887013562,78.26420806308963
3844,,,,,,,,,,,,,,11500.786683384773,2224.941267099891,80.07820336612654
3845,,,,,,,,,,,,,,9772.533024153387,2221.669148600909,80.66191289529382
3846,,,,,,,,,,,,,,9881.920436065051,1605.8338697783802,81.53488321109694
3847,,,,,,,,,,,,,,10771.216075384795,2020.2589434723357,78.799121458139
3848,,,,,,,,,,,,,,13295.917693502655,2923.825736380912,77.19140625
3849,,,,,,,,,,,,,,13313.034005724949,2824.9235642159033,86.2127739910172
3850,,,,,,,,,,,,,,7647.090210503472,1724.678986545139,86.33251302083333
3851,,,,,,,,,,,,,,8794.739582586726,1765.0893437096831,85.03884971688647
3852,,,,,,,,,,,,,,12569.219993562734,2351.8273587459034,74.33355095681179
3853,,,,,,,,,,,,,,12999.543252505897,3083.99542213296,76.03028265035377
3854,,,,,,,,,,,,,,14785.965615603522,3182.8711407323885,66.82776759826031
3855,,,,,,,,,,,,,,15477.173093285892,3163.6661654935024,68.04506690903466
3856,,,,,,,,,,,,,,17251.456916021387,3071.740285507697,56.44523039961283
3857,,,,,,,,,,,,,,13996.693079007056,2950.1769909274194,68.23331968245968
3858,,,,,,,,,,,,,,16712.760026719836,2850.7393001980254,65.66738891601562
3859,,,,,,,,,,,,,,9910.80591394011,1463.6636057721728,48.87825605825718
3860,,,,,,,,,,,,,,10308.57030974912,1776.5303181393047,55.795357889524645
3861,,,,,,,,,,,,,,10626.445784945101,1771.8923036317567,53.02690825591216
3862,,,,,,,,,,,,,,10079.058982216851,1671.5373332829765,55.31946812413674
3863,,,,,,,,,,,,,,10951.368999859234,2232.319195171734,73.86277977195945
3864,,,,,,,,,,,,,,9661.66934967041,1795.6458339691162,73.47529220581055
3865,,,,,,,,,,,,,,10034.398008338005,1873.0652003266887,71.30201837514014
3866,,,,,,,,,,,,,,8219.503274620127,1633.7260630196388,71.50623342531537
3867,,,,,,,,,,,,,,13877.441030064445,2889.200694043349,72.49874794807879
3868,,,,,,,,,,,,,,12270.747066774231,2570.6708957837977,79.18326469089673
3869,,,,,,,,,,,,,,9973.196256630536,1947.5623220746368,76.27920318265683
3870,,,,,,,,,,,,,,9857.079943802277,2154.5987566979843,74.98579809479554
3871,,,,,,,,,,,,,,12967.139786537247,2858.0534281618266,70.19177122790404
3872,,,,,,,,,,,,,,9223.038655298662,2078.231379998126,75.05076683579335
3873,,,,,,,,,,,,,,8502.762443407686,1859.8423546026115,69.84266301347174
3874,,,,,,,,,,,,,,6410.8034381325915,1711.9923554084562,84.01674784919028
3875,,,,,,,,,,,,,,10354.699638213087,1724.4237601261011,68.03253952128775
3876,,,,,,,,,,,,,,10115.30233004386,1470.3829542728893,64.5792300575658
3877,,,,,,,,,,,,,,8942.33711398868,1473.495889498493,70.05204040046752
3878,,,,,,,,,,,,,,13020.988656019374,2512.8100621973017,75.73822719672509
3879,,,,,,,,,,,,,,12093.010297705565,2146.813334214727,70.35406068313954
3880,,,,,,,,,,,,,,11412.600366709185,2124.69775390625,68.96568578603316
3881,,,,,,,,,,,,,,11506.869492718963,2999.31910508344,73.82903180803571
3882,,,,,,,,,,,,,,12473.19626650165,3140.9925637827455,67.38651086788366
3883,,,,,,,,,,,,,,13003.912561487268,3182.5576518494404,64.55339445891204
3884,,,,,,,,,,,,,,14003.283700550093,3186.429247681121,77.30648700842697
3885,,,,,,,,,,,,,,14400.706745336265,3105.437468438094,76.47846178410171
3886,,,,,,,,,,,,,,15179.453220741421,3117.9023916207107,64.32286879595588
3887,,,,,,,,,,,,,,13663.094236721246,3020.2953220160243,67.06513328674122
3888,,,,,,,,,,,,,,4527.297394894763,607.6084878615911,21.65270119345649
3889,,,,,,,,,,,,,,18524.251530662226,2989.5340924397533,61.4734123971395
3890,,,,,,,,,,,,,,17773.372317607398,3046.469664738776,51.409694464631784
3891,,,,,,,,,,,,,,18672.683977791432,2530.7677097963483,38.58507340677669
3892,,,,,,,,,,,,,,18856.468869579083,2636.614921476403,40.86868921396684
3893,,,,,,,,,,,,,,18575.35304564226,2534.8315627118773,39.18741910133136
3894,,,,,,,,,,,,,,19074.18525830518,2567.172746428069,39.0240577491554
3895,,,,,,,,,,,,,,18646.675795428764,2035.220089228746,32.39262686450771
3896,,,,,,,,,,,,,,12423.11020212411,2089.0376132951515,71.67367868661032
3897,,,,,,,,,,,,,,10559.476833357901,2278.1377577295843,72.93515072228773
3898,,,,,,,,,,,,,,13573.33505859375,2877.815743582589,74.15419398716517
3899,,,,,,,,,,,,,,14934.04932709854,2891.135544380132,72.56324311416515
3900,,,,,,,,,,,,,,14283.94931640625,2953.7066995554956,70.72662648168104
3901,,,,,,,,,,,,,,15228.067020992581,2992.0153878850047,73.89849546144335
3902,,,,,,,,,,,,,,15225.194427932518,3022.8449645111527,74.15843134341033
3903,,,,,,,,,,,,,,14477.700930322439,2919.9136346068904,73.65248350541077
3904,,,,,,,,,,,,,,14893.98457324953,3128.09501659422,78.81957457119361
3905,,,,,,,,,,,,,,14065.88056187914,2958.6707116941743,68.43101976407284
3906,,,,,,,,,,,,,,14548.358863146552,2812.9602532748518,68.43044349407327
3907,,,,,,,,,,,,,,14680.283374023438,2892.904221888951,75.48107561383928
3908,,,,,,,,,,,,,,12128.005911162405,2752.940880977746,82.13939874822444
3909,,,,,,,,,,,,,,13636.582581018518,2739.5669976128474,84.28693033854167
3910,,,,,,,,,,,,,,7237.9933012201545,1246.7188460103582,70.76619008953652
3911,,,,,,,,,,,,,,6743.367882930871,1385.5641682942708,71.45734197443181
3912,,,,,,,,,,,,,,8309.141845703125,1141.0282753392269,67.4659423828125
3913,,,,,,,,,,,,,,10618.668312156593,1928.6068249377577,82.69438959478022
3914,,,,,,,,,,,,,,11768.106694435586,2094.062034139828,76.67512356505102
3915,,,,,,,,,,,,,,11165.133763806572,2155.8401773386986,80.08766753098061
3916,,,,,,,,,,,,,,9561.381547214674,1890.2945938773778,75.45413977581522
3917,,,,,,,,,,,,,,10321.81053125,1853.249365234375,74.94765234375
3918,,,,,,,,,,,,,,10771.061193605132,1878.872788182947,73.59271199813742
3919,,,,,,,,,,,,,,12238.337626953125,2295.8840661621093,69.017666015625
3920,,,,,,,,,,,,,,12694.133517283313,2328.232997678361,67.99707261571345
3921,,,,,,,,,,,,,,10529.486456499413,2055.0529355331205,72.39297012544014
3922,,,,,,,,,,,,,,10165.41166141055,2139.5948267945455,73.80207362743693
3923,,,,,,,,,,,,,,10473.100843157086,1919.4847428458077,74.82253810337612
3924,,,,,,,,,,,,,,10125.401058799342,1750.4174893645622,68.38193082616397
3925,,,,,,,,,,,,,,9854.140981820914,1635.9420931302584,70.26722506009615
3926,,,,,,,,,,,,,,11315.638804454677,1845.0648043803033,66.23347281146523
3927,,,,,,,,,,,,,,8250.948107227776,1360.4128708454393,45.32973996748835
3928,,,,,,,,,,,,,,12543.671867573668,2557.6715946560125,73.36401460016636
3929,,,,,,,,,,,,,,11648.38453684987,2062.95758995643,71.3611693482299
3930,,,,,,,,,,,,,,15376.512543004586,3089.311890768349,75.53677116184059
3931,,,,,,,,,,,,,,15587.883627201312,3064.0815908526847,70.08961512107217
3932,,,,,,,,,,,,,,15476.438938974545,3114.1673414217717,70.95349525300082
3933,,,,,,,,,,,,,,15598.992100191432,2995.949525946813,68.25213905991308
3934,,,,,,,,,,,,,,16193.792095710027,3085.8410437486195,70.02573742546377
3935,,,,,,,,,,,,,,15088.536840981995,3044.3657234646626,66.07282989704056
3936,,,,,,,,,,,,,,16527.98994855183,3082.324033305205,66.86033284788763
3937,,,,,,,,,,,,,,17013.556874079335,2983.879937065972,66.5318270596591
3938,,,,,,,,,,,,,,17661.106963813112,3084.057320560617,63.85476257125407
3939,,,,,,,,,,,,,,17916.93047119906,3250.46712673271,64.4006110403605
3940,,,,,,,,,,,,,,17614.179283190686,3138.367419977856,62.7297083374801
3941,,,,,,,,,,,,,,16525.926306152345,2700.7678117752075,54.17412414550781
3942,,,,,,,,,,,,,,9060.765288123788,1672.4489722436713,78.558837890625
3943,,,,,,,,,,,,,,15336.993776428424,2496.2261974976795,63.377030476485146
3944,,,,,,,,,,,,,,14615.080743018618,2365.0099756304617,61.67580351206307
3945,,,,,,,,,,,,,,14900.800668816817,2457.395492553711,65.65625321237664
3946,,,,,,,,,,,,,,15119.764919374047,2328.961408661633,61.67897889672256
3947,,,,,,,,,,,,,,14703.997563396517,2656.5869708952355,65.84217149077868
3948,,,,,,,,,,,,,,13256.637837494014,2702.0011374521073,69.617849766523
3949,,,,,,,,,,,,,,13781.118802083334,2538.007291666667,70.68299479166667
3950,,,,,,,,,,,,,,13962.427972722458,2593.3906597590044,72.2297470868644
3951,,,,,,,,,,,,,,7988.693925528691,1615.6698787294586,75.26943022629311
3952,,,,,,,,,,,,,,10842.759895201254,2385.813096524828,64.46897754854369
3953,,,,,,,,,,,,,,12935.76213152384,2652.320308305144,75.2001449742268
3954,,,,,,,,,,,,,,11012.225828321718,2176.936290713523,73.34332494941546
3955,,,,,,,,,,,,,,10479.320176302856,2146.1436546619993,73.18239188265022
3956,,,,,,,,,,,,,,9367.052888569078,2013.5833179139254,73.39480365953948
3957,,,,,,,,,,,,,,10328.905853051934,1932.6208900067445,74.32283118817446
3958,,,,,,,,,,,,,,13093.909131547096,2571.054383183869,73.74637743452905
3959,,,,,,,,,,,,,,9585.916760706019,2343.716222692419,74.295654296875
3960,,,,,,,,,,,,,,5196.5396311125405,1147.7255675078366,25.55309916099222
3961,,,,,,,,,,,,,,16366.65521895118,3036.2156453275884,62.03416501810622
3962,,,,,,,,,,,,,,16153.869258671017,3048.5134965945513,58.1259765625
3963,,,,,,,,,,,,,,17338.714378720237,2915.039277129121,59.95125236092033
3964,,,,,,,,,,,,,,15707.945072003266,2938.4396517170007,63.031882214902055
3965,,,,,,,,,,,,,,14612.39191750919,2898.3690445843863,62.24681181066177
3966,,,,,,,,,,,,,,16265.28426642167,3022.9577957956412,61.05439838610197
3967,,,,,,,,,,,,,,15701.902137586805,2871.867481825087,57.17019449869792
3968,,,,,,,,,,,,,,12407.79366565026,2117.393585698434,29.9311185136403
3969,,,,,,,,,,,,,,10590.456953009087,2247.9939504561157,66.73466912787462
3970,,,,,,,,,,,,,,8400.187909100507,1570.02855932104,63.76221143018018
3971,,,,,,,,,,,,,,14178.996128015351,2903.4775490565607,59.03490782620614
3972,,,,,,,,,,,,,,15080.008475629973,2804.1198173543185,58.33523033405172
3973,,,,,,,,,,,,,,9558.88835736443,1758.5880974264705,62.45268267463236
3974,,,,,,,,,,,,,,10339.517710744598,1829.8052687154386,70.12911120756173
3975,,,,,,,,,,,,,,12596.728804413911,2679.3945882478115,71.12603546023833
3976,,,,,,,,,,,,,,16239.60816641733,2927.673509530142,63.643814411569146
3977,,,,,,,,,,,,,,15958.17147155526,2769.165320908241,60.799708539454635
3978,,,,,,,,,,,,,,15567.27569110577,2648.138127253606,54.98016409588675
3979,,,,,,,,,,,,,,14011.83534601735,2580.8044595327287,67.01521527503944
3980,,,,,,,,,,,,,,11526.032329358553,2336.876574064556,76.85932176632988
3981,,,,,,,,,,,,,,11568.63896184407,2026.3323887118706,73.15549174754693
3982,,,,,,,,,,,,,,8743.338049036856,1746.9757643837966,76.04670354246183
3983,,,,,,,,,,,,,,9231.567327535377,1723.1288679014963,69.61123231132075
3984,,,,,,,,,,,,,,14798.69515625,3100.09469140625,71.521283203125
3985,,,,,,,,,,,,,,16302.692485392594,3101.1802650259324,73.47375590861344
3986,,,,,,,,,,,,,,16940.36302111763,3144.5926561647107,72.31268337199782
3987,,,,,,,,,,,,,,14171.830632136418,3081.145545372596,81.65927828275241
3988,,,,,,,,,,,,,,17353.492152245035,3141.706959858698,70.83017683889892
3989,,,,,,,,,,,,,,17336.69493739652,3092.542158720509,66.02902039786838
3990,,,,,,,,,,,,,,14591.3777109375,2834.8280859375,81.738591796875
3991,,,,,,,,,,,,,,15329.487543061023,2779.319638710322,84.6658003198819
3992,,,,,,,,,,,,,,16416.884435096155,2901.667643855168,77.85705378605769
3993,,,,,,,,,,,,,,15450.54630962171,2958.0263974756226,77.062373340578
3994,,,,,,,,,,,,,,15612.98957099581,2785.43488563115,67.3382479386844
3995,,,,,,,,,,,,,,16243.186386317422,2941.7162659527503,71.67304888163527
3996,,,,,,,,,,,,,,16152.677959219287,3034.5652551814865,71.34733911887886
3997,,,,,,,,,,,,,,14873.253619613908,3098.23065956298,76.57567192832765
3998,,,,,,,,,,,,,,13255.251426725139,2754.492920829461,74.90786731819237
3999,,,,,,,,,,,,,,14384.358669704861,2812.843972100152,74.90785725911458
4000,,,,,,,,,,,,,,14933.861161489336,2981.3690137106273,79.21318708147321
4001,,,,,,,,,,,,,,15715.464908175998,3046.279018825955,72.15557861328125
4002,,,,,,,,,,,,,,15539.864624023438,2971.624029211096,72.45130054370777
4003,,,,,,,,,,,,,,15851.57235070431,3007.252871426669,74.65625554865056
4004,,,,,,,,,,,,,,15515.879647221547,2997.0258855559946,82.24904433669747
4005,,,,,,,,,,,,,,16421.9733671875,3047.6462255859374,80.04535546875
4006,,,,,,,,,,,,,,17302.87442355686,3137.876239352756,72.16328430175781
4007,,,,,,,,,,,,,,15507.724076704546,3019.4536465731535,74.9536935232736
4008,,,,,,,,,,,,,,15799.620892796705,3129.892686534014,77.0746365213222
4009,,,,,,,,,,,,,,9674.800796182148,2197.8433132346618,68.42489876003441
4010,,,,,,,,,,,,,,10393.884859350812,2080.787251475426,61.985266906927244
4011,,,,,,,,,,,,,,9459.86319654815,1815.0330312689957,51.822629344706634
4012,,,,,,,,,,,,,,11223.805092030745,2448.7039632951555,68.07245524878641
4013,,,,,,,,,,,,,,12915.932764196908,3339.8392198350693,77.39143880208333
4014,,,,,,,,,,,,,,8816.233354048296,1397.129301099134,59.285542865652495
4015,,,,,,,,,,,,,,7940.589336892833,1082.633907649828,48.20729927394701
4016,,,,,,,,,,,,,,12352.083461900385,2684.706259847689,56.83539998030462
4017,,,,,,,,,,,,,,17372.153220880682,3738.5426313920457,59.531313920454544
4018,,,,,,,,,,,,,,18236.706502051326,3608.2525096019554,53.95134100034916
4019,,,,,,,,,,,,,,18385.48576640831,3117.1172635121206,53.1929909094657
4020,,,,,,,,,,,,,,18631.667074022345,3171.195297496945,56.67048380761173
4021,,,,,,,,,,,,,,18384.263832785866,3182.469508084384,58.55724126642401
4022,,,,,,,,,,,,,,18156.141244393806,3192.6724214907044,57.9949951171875
4023,,,,,,,,,,,,,,18064.31983003162,3288.0155487060547,60.83381870814732
4024,,,,,,,,,,,,,,17937.579505300353,3378.176022802562,62.53862598001325
4025,,,,,,,,,,,,,,18272.453265035376,3036.7110508181013,60.03052402712264
4026,,,,,,,,,,,,,,17264.137985450634,2782.8753352510757,57.25050420346467
4027,,,,,,,,,,,,,,17556.5273334342,2906.8011294082858,58.54921152893926
4028,,,,,,,,,,,,,,16785.95214262463,2888.294706798735,57.155774797712056
4029,,,,,,,,,,,,,,16758.884286971832,2827.2891381492077,57.615172480193664
4030,,,,,,,,,,,,,,14902.484222740255,2743.195871004494,54.822249873991936
4031,,,,,,,,,,,,,,18029.650829929713,3185.552946606668,64.12195900218465
4032,,,,,,,,,,,,,,18269.531974003232,2981.089997390221,62.543957940463365
4033,,,,,,,,,,,,,,16235.605539259928,2983.5590441321638,68.51388869302798
4034,,,,,,,,,,,,,,17920.947647888,3262.171425542336,64.21401501576835
4035,,,,,,,,,,,,,,17691.809000237943,3031.8316439710898,55.63636803021891
4036,,,,,,,,,,,,,,17622.75320996979,3194.5182692421167,61.86265725311556
4037,,,,,,,,,,,,,,14011.836602542562,3078.6738395007283,74.68472782258064
4038,,,,,,,,,,,,,,13465.49826262718,3065.3171959219053,79.52878020530524
4039,,,,,,,,,,,,,,12103.779827353395,3024.3114852591307,90.79405381944444
4040,,,,,,,,,,,,,,17189.310930879237,3105.3402691340043,71.67294259798729
4041,,,,,,,,,,,,,,16659.28051838387,3025.043263652537,63.8573106822401
4042,,,,,,,,,,,,,,17175.322448536706,3030.158511594742,62.37660435267857
4043,,,,,,,,,,,,,,17176.71493310866,2997.675111857894,62.79525696997549
4044,,,,,,,,,,,,,,17946.557032494027,3084.562046707056,61.23057138236465
4045,,,,,,,,,,,,,,18465.84303863818,3113.4260698507387,62.59899317342252
4046,,,,,,,,,,,,,,16780.916975588705,2642.8058992121105,52.407648448565865
4047,,,,,,,,,,,,,,16578.040047679227,2833.3756168141085,54.622213924632355
4048,,,,,,,,,,,,,,8295.443910860547,1456.8954451878865,31.673268037683822
4049,,,,,,,,,,,,,,14402.130879934211,2513.2333232678866,49.945883018092104
4050,,,,,,,,,,,,,,16397.08553680283,2533.035290910524,43.07879501821749
4051,,,,,,,,,,,,,,15306.670223227233,2552.609359139356,44.716224758918216
4052,,,,,,,,,,,,,,14841.042446182657,2484.466104650613,46.846664317872275
4053,,,,,,,,,,,,,,12730.694364473416,2541.453528466163,65.10775796469156
4054,,,,,,,,,,,,,,14229.381298959737,2670.918081936489,54.12015667115903
4055,,,,,,,,,,,,,,16672.294721309598,2758.1958174950337,47.01365874274144
4056,,,,,,,,,,,,,,16376.315521329729,2884.2481657235153,51.520068932138926
4057,,,,,,,,,,,,,,7710.607505846935,976.8434106134305,68.23135823049363
4058,,,,,,,,,,,,,,8013.118897412666,1204.4311876188212,74.99041446352186
4059,,,,,,,,,,,,,,8560.526307036911,1812.1463733617811,71.27855383831522
4060,,,,,,,,,,,,,,8288.299819101707,1492.053594722959,69.94535934617159
4061,,,,,,,,,,,,,,9730.36474609375,1874.8508036728447,75.5125758394282
4062,,,,,,,,,,,,,,9247.268946030561,1747.57374123966,76.18927001953125
4063,,,,,,,,,,,,,,10020.666050364378,1973.5891306277792,77.52310940587945
4064,,,,,,,,,,,,,,10754.84755859375,2139.3736525315503,77.44150015024039
4065,,,,,,,,,,,,,,10503.979947603666,1933.6722459059495,76.48120351938101
4066,,,,,,,,,,,,,,10497.611052028797,1986.5786631319536,78.8151817122055
4067,,,,,,,,,,,,,,15766.101160986498,2981.560140257513,70.51712387031795
4068,,,,,,,,,,,,,,16945.803280587923,2913.755502681409,69.92401350635593
4069,,,,,,,,,,,,,,15499.12878509751,2927.4860968338817,77.05410192962876
4070,,,,,,,,,,,,,,13698.426605572718,2945.5103560182984,82.07449909398764
4071,,,,,,,,,,,,,,13678.407664579503,3006.023848589729,80.50579833984375
4072,,,,,,,,,,,,,,14982.271674566948,2780.6692891210205,74.42437126931179
4073,,,,,,,,,,,,,,14000.098429204874,3015.8392612059606,77.79160759531854
4074,,,,,,,,,,,,,,15976.811602525308,2862.10507846886,70.39646030479753
4075,,,,,,,,,,,,,,17480.04185408775,3127.3159401633525,70.11014441287878
4076,,,,,,,,,,,,,,18401.389686791917,3131.9361052268223,64.90019885290785
4077,,,,,,,,,,,,,,12915.75534315395,2220.1598818412594,53.11190953891349
4078,,,,,,,,,,,,,,14352.4802734375,3027.803102727522,74.9884919819079
4079,,,,,,,,,,,,,,16505.162450036336,2964.539502926443,61.377191587936046
4080,,,,,,,,,,,,,,12358.051941710633,2675.1362875405844,74.96175711495536
4081,,,,,,,,,,,,,,12787.967723991298,2540.9499463431443,66.97616074960443
4082,,,,,,,,,,,,,,11251.943113717974,2473.0674260299397,65.03311669012034
4083,,,,,,,,,,,,,,11780.986071928048,2408.658189561632,61.86204246238426
4084,,,,,,,,,,,,,,13112.274757339015,2867.5030887488165,68.67476917613637
4085,,,,,,,,,,,,,,14580.961904907226,2779.882341003418,68.01997833251953
4086,,,,,,,,,,,,,,13848.564242937708,2936.9730564142696,71.98283901593543
4087,,,,,,,,,,,,,,13164.049915301375,2455.908030883394,70.27728923316141
4088,,,,,,,,,,,,,,15326.905491258132,2870.981984418564,74.24399359607342
4089,,,,,,,,,,,,,,14575.044014327517,2734.3155797951636,73.16555494975707
4090,,,,,,,,,,,,,,16394.79522811411,2884.0583138814786,73.24441794152875
4091,,,,,,,,,,,,,,18036.06779074367,2675.6524140563192,63.49438940120649
4092,,,,,,,,,,,,,,18671.71474202474,3292.7755618625215,74.44852193196614
4093,,,,,,,,,,,,,,10753.960314829415,2290.8553030031535,81.89337998136467
4094,,,,,,,,,,,,,,12987.378814945376,2636.946348608994,80.02481897865853
4095,,,,,,,,,,,,,,13051.06691291841,2621.7999701719405,80.92944846691945
4096,,,,,,,,,,,,,,6790.630986120345,1277.2951042012965,74.61344331781915
4097,,,,,,,,,,,,,,7965.783560875619,1197.5990739576887,72.98961072865099
4098,,,,,,,,,,,,,,8755.174129710478,1574.7410579008215,76.77296178481159
4099,,,,,,,,,,,,,,15098.72429584704,2108.467394055818,52.30162546258224
4100,,,,,,,,,,,,,,13223.664666501083,2140.6277155352464,60.8024803558526
4101,,,,,,,,,,,,,,12116.024263011466,2510.3229567713015,77.32481241569245
4102,,,,,,,,,,,,,,14514.821820427389,2680.0291074865004,78.30501062729779
4103,,,,,,,,,,,,,,15353.001099511017,2451.5487815802044,75.32617011859263
4104,,,,,,,,,,,,,,12616.731291494963,2408.7069221468637,74.70683271806318
4105,,,,,,,,,,,,,,15276.178030744713,2935.2730415306282,83.18138555270522
4106,,,,,,,,,,,,,,14681.658052510884,2663.2017901216573,79.5614505597015
4107,,,,,,,,,,,,,,15929.3582909689,2598.8857947536635,82.79312294407895
4108,,,,,,,,,,,,,,13433.917603824013,2621.356297543174,85.90258532072369
4109,,,,,,,,,,,,,,11276.888757621951,2789.145626905488,80.03105230564024
4110,,,,,,,,,,,,,,14924.8674476653,2898.574520390927,77.85115717000483
4111,,,,,,,,,,,,,,16311.059828150785,2915.9654988203897,67.5211749690594
4112,,,,,,,,,,,,,,17105.42008674919,3021.1505364752434,67.94262061181007
4113,,,,,,,,,,,,,,14138.568536931818,2857.49814675071,72.81830986396416
4114,,,,,,,,,,,,,,15522.082173737766,2778.2735573982427,74.73378941003114
4115,,,,,,,,,,,,,,15736.963722386854,2847.374597588901,73.41044753502155
4116,,,,,,,,,,,,,,17625.82375583401,2971.2938953746448,64.12711641385958
4117,,,,,,,,,,,,,,14767.686955574913,2798.789289627341,73.16373924760452
4118,,,,,,,,,,,,,,15892.248251271802,3099.415133149917,68.33607052014119
4119,,,,,,,,,,,,,,17615.368329893867,3200.652659290242,64.97406581662736
4120,,,,,,,,,,,,,,18183.570186121324,3183.336080394072,61.07466107536764
4121,,,,,,,,,,,,,,17556.934427249205,3316.6729378669884,65.23303300408041
4122,,,,,,,,,,,,,,17926.91909211601,3109.7747706992955,65.88283164828431
4123,,,,,,,,,,,,,,14096.12453125,3090.031710759943,79.23462890625
4124,,,,,,,,,,,,,,12372.407534082182,1563.1653529575892,29.68433179723502
4125,,,,,,,,,,,,,,12373.17529131915,1601.1484568827861,31.760081523173564
4126,,,,,,,,,,,,,,12028.932591122664,1663.9544964447564,34.23421166036477
4127,,,,,,,,,,,,,,11712.316670093202,1520.9751858895286,34.790342310855266
4128,,,,,,,,,,,,,,9311.18363902111,1379.5209203724303,40.999288596854306
4129,,,,,,,,,,,,,,10252.432818588879,1345.6344597173822,40.9538099988759
4130,,,,,,,,,,,,,,10407.321788390836,1489.506027290724,44.88528483809389
4131,,,,,,,,,,,,,,10840.798420224202,1666.7836077266008,49.82881243281634
4132,,,,,,,,,,,,,,11187.645966531838,1464.553656910556,41.590797886221296
4133,,,,,,,,,,,,,,18462.708426339286,2793.213355126319,55.7013969916802
4134,,,,,,,,,,,,,,18189.610514322918,2893.6481730143228,58.95709228515625
4135,,,,,,,,,,,,,,18561.16404389881,2778.134625341022,56.08045944940476
4136,,,,,,,,,,,,,,17194.623962781443,2908.2949741908483,59.86679930124224
4137,,,,,,,,,,,,,,16999.695839402364,3045.3382002835892,56.59457345736229
4138,,,,,,,,,,,,,,16607.436340658423,2974.6405179436833,57.15834020930816
4139,,,,,,,,,,,,,,17106.76657428422,3165.8097953583274,58.21320568915852
4140,,,,,,,,,,,,,,17446.393075874308,3116.8554944490133,56.18122944078947
4141,,,,,,,,,,,,,,17243.983959556284,3099.968000717585,55.28588597418854
4142,,,,,,,,,,,,,,17286.877078530568,3207.6950943743595,55.904677094006146
4143,,,,,,,,,,,,,,17384.818796176118,3174.246319170577,59.658040884584665
4144,,,,,,,,,,,,,,16783.73157329505,3009.0139827891294,59.78882044604701
4145,,,,,,,,,,,,,,17324.85695984543,3099.3454950804353,56.970730689264116
4146,,,,,,,,,,,,,,17506.099944814752,2920.5636436060854,56.04687770515928
4147,,,,,,,,,,,,,,9090.317515010916,1406.7590358684156,63.32955786026201
4148,,,,,,,,,,,,,,10749.603170072116,1510.2525874211237,63.330372971754805
4149,,,,,,,,,,,,,,10629.334587028434,1803.5372600383587,70.17813027871621
4150,,,,,,,,,,,,,,9742.84892578125,2576.245686749714,52.41921208079268
4151,,,,,,,,,,,,,,13457.066135296243,2701.0788390760476,62.56451380735188
4152,,,,,,,,,,,,,,13861.856258379745,2682.5025227864585,71.95636892790841
4153,,,,,,,,,,,,,,12896.88890101257,2707.8432419419955,62.69383128928072
4154,,,,,,,,,,,,,,13244.20531376885,2188.8826725864633,53.60216747027262
4155,,,,,,,,,,,,,,15228.051869607534,2987.746552438447,70.68917692550505
4156,,,,,,,,,,,,,,15880.475186911963,3215.4517765386986,74.08017788138442
4157,,,,,,,,,,,,,,14462.622166833213,2692.384142498637,60.226663278978926
4158,,,,,,,,,,,,,,15095.83896484375,3010.2684055873324,74.25264718191964
4159,,,,,,,,,,,,,,13571.87362060547,2988.689958190918,67.59619445800782
4160,,,,,,,,,,,,,,16864.89415173282,2485.767997560908,55.10587025140699
4161,,,,,,,,,,,,,,14659.597699515427,2953.51659151874,67.25523202630538
4162,,,,,,,,,,,,,,13192.275770399305,2552.1171532346493,59.50867341694079
4163,,,,,,,,,,,,,,12061.30543393599,2682.4225897198357,62.00249893787765
4164,,,,,,,,,,,,,,10681.520483774038,2531.6000368088944,66.45790114182692
4165,,,,,,,,,,,,,,12296.7156693612,2545.794233352228,66.80658363318217
4166,,,,,,,,,,,,,,11961.800238358346,2718.6965099133945,70.0950140702097
4167,,,,,,,,,,,,,,13082.438788024294,2963.487788913258,72.16341037686877
4168,,,,,,,,,,,,,,12457.085709635418,2653.8054793294273,67.2188671875
4169,,,,,,,,,,,,,,8880.857898800872,1982.3445043215324,69.34324549678156
4170,,,,,,,,,,,,,,8853.531705382868,2209.3990777198305,72.58059237865692
4171,,,,,,,,,,,,,,11062.981389707518,2604.9810734541816,71.9090910670596
4172,,,,,,,,,,,,,,12803.101565788089,2639.3601698955704,69.82798690025253
4173,,,,,,,,,,,,,,12621.331701045414,2740.7102542575317,72.09022489040018
4174,,,,,,,,,,,,,,17354.579059908174,3267.5261323033915,76.45444405361374
4175,,,,,,,,,,,,,,17425.222924156526,3183.2020793003317,73.16539987209624
4176,,,,,,,,,,,,,,16181.50064725654,2844.599396461664,68.54725540515989
4177,,,,,,,,,,,,,,15614.097649147727,3087.371233132102,73.09716796875
4178,,,,,,,,,,,,,,13698.990318080358,2437.102342354911,70.19646763392858
4179,,,,,,,,,,,,,,13966.020886671688,2259.9060188017697,59.7889460184488
4180,,,,,,,,,,,,,,14355.714586292614,2615.124988902699,66.02221235795454
4181,,,,,,,,,,,,,,14735.691682072997,2699.62217933713,76.48007924320133
4182,,,,,,,,,,,,,,15239.51097821469,2195.699062750779,65.30317692598187
4183,,,,,,,,,,,,,,14300.52741860845,2790.7455654875325,75.71817665233014
4184,,,,,,,,,,,,,,13600.978021201847,2296.3206410917846,67.67818119840801
4185,,,,,,,,,,,,,,15818.847902730631,2153.8804295939,66.05779346795129
4186,,,,,,,,,,,,,,15856.485173087285,2420.809581256735,69.83324353448276
4187,,,,,,,,,,,,,,16924.31289543904,2921.0604841205436,75.99012090118838
4188,,,,,,,,,,,,,,15099.287601094851,2880.2331027178698,74.20436289612677
4189,,,,,,,,,,,,,,14847.564965277777,2951.3918836805556,75.46992838541667
4190,,,,,,,,,,,,,,15984.107640759697,2946.279608364763,72.81264101225754
4191,,,,,,,,,,,,,,15780.898221685084,2859.317342347203,71.99292261956147
4192,,,,,,,,,,,,,,13799.603991996952,2682.8150749605293,65.6541080275479
4193,,,,,,,,,,,,,,12951.954441879734,2782.4113935990767,65.69061834161931
4194,,,,,,,,,,,,,,15471.519955221036,2934.063301495808,52.042768673780486
4195,,,,,,,,,,,,,,13899.712830444678,2697.1559012276784,56.32281135110294
4196,,,,,,,,,,,,,,13919.724529507435,2712.841166102753,59.10087454983736
4197,,,,,,,,,,,,,,9040.088252846712,1456.8610504748774,66.19625555300244
4198,,,,,,,,,,,,,,15062.584133572049,2776.959293619792,52.824755859375
4199,,,,,,,,,,,,,,14441.386228197674,2498.696614961846,72.45792378270349
4200,,,,,,,,,,,,,,14825.385929038808,2663.965393727437,71.29184059115524
4201,,,,,,,,,,,,,,10240.918887204634,1801.9305451960722,52.21726745421073
4202,,,,,,,,,,,,,,13300.511631944444,2411.662611219618,76.75366753472223
4203,,,,,,,,,,,,,,10683.215635357481,2136.8312655362215,77.55849387428977
4204,,,,,,,,,,,,,,10707.622630454009,2067.787055019163,75.70155512971698
4205,,,,,,,,,,,,,,11848.54638671875,2401.6680782542508,73.08055922564338
4206,,,,,,,,,,,,,,14667.75852435325,2575.9752818795787,72.70389229910714
4207,,,,,,,,,,,,,,13750.52030881486,2557.243396226415,75.41042158018868
4208,,,,,,,,,,,,,,14773.491598557692,2659.1139498197117,76.39671950120193
4209,,,,,,,,,,,,,,14450.356905080977,2577.7585859089872,73.64559691491789
4210,,,,,,,,,,,,,,14764.68901018415,2454.520541817801,71.22489362444196
4211,,,,,,,,,,,,,,13890.102059925093,2531.352612213249,74.92808001228933
4212,,,,,,,,,,,,,,12994.423639227874,2628.6581051123403,75.58885649520985
4213,,,,,,,,,,,,,,15137.610485387731,2728.7435809100116,74.25075412326389
4214,,,,,,,,,,,,,,15229.642503004809,2748.724616417518,67.7252948467548
4215,,,,,,,,,,,,,,14879.814020150689,2777.5855740544093,68.92510808555825
4216,,,,,,,,,,,,,,16718.41028213501,3241.81436920166,70.61152839660645
4217,,,,,,,,,,,,,,17062.06078233078,3213.0506963315215,66.09793030508894
4218,,,,,,,,,,,,,,17602.737684224892,3271.263603643559,67.6285608283297
4219,,,,,,,,,,,,,,16210.150450286375,3102.199474665896,65.40139230807878
4220,,,,,,,,,,,,,,16439.25527674788,3049.699076403602,70.1183064088983
4221,,,,,,,,,,,,,,16674.719215341862,2937.7065609925544,69.17568293833892
4222,,,,,,,,,,,,,,13224.459153598827,2840.322575868682,79.7968714745036
4223,,,,,,,,,,,,,,15813.602638781911,2939.3278447540715,72.90407164667694
4224,,,,,,,,,,,,,,16720.441396352406,3046.4841259105788,70.64119411159206
4225,,,,,,,,,,,,,,16731.14552831775,3255.8584663611387,70.9693420890748
4226,,,,,,,,,,,,,,16136.115910947712,3366.88347790288,66.16381357230392
4227,,,,,,,,,,,,,,16892.48726185581,3099.7368670904148,61.681297971491226
4228,,,,,,,,,,,,,,13282.97382061298,2561.3617540906357,73.68552297312063
4229,,,,,,,,,,,,,,16928.80774931066,3060.977338005515,65.64324592141544
4230,,,,,,,,,,,,,,17362.65259364478,2966.4036515874895,63.95954663825758
4231,,,,,,,,,,,,,,15760.506982741013,3058.301907009549,69.41711186427696
4232,,,,,,,,,,,,,,17261.437118825605,3061.5580747542845,67.32654359879032
4233,,,,,,,,,,,,,,17172.065089370266,3058.803476414536,62.29397638494318
4234,,,,,,,,,,,,,,18927.944790327765,2933.634696587805,52.93370295428985
4235,,,,,,,,,,,,,,18240.98365458504,2954.356540700777,54.40764680455943
4236,,,,,,,,,,,,,,17190.134489823486,3074.351406306286,57.704458978746395
4237,,,,,,,,,,,,,,18183.09345247236,3077.2645104710537,51.998418784551596
4238,,,,,,,,,,,,,,18563.44254178779,2797.80626021984,49.16788169210271
4239,,,,,,,,,,,,,,18436.41484699619,3204.1263593425383,56.79501926073407
4240,,,,,,,,,,,,,,13683.911233144263,2536.0589566165454,59.15754427975171
4241,,,,,,,,,,,,,,13285.879643587457,2406.4667772126677,55.51363582739094
4242,,,,,,,,,,,,,,14134.95124319698,2622.3347833183375,55.471489038360254
4243,,,,,,,,,,,,,,13091.2246978661,2813.638434845267,67.9903528898665
4244,,,,,,,,,,,,,,13285.410055328648,2772.11210581307,57.01140708111702
4245,,,,,,,,,,,,,,13748.750964796687,2696.2152570241906,63.73838273013931
4246,,,,,,,,,,,,,,15393.34434659091,3097.373299893466,74.03122159090908
4247,,,,,,,,,,,,,,14553.161905767374,3036.6370467845077,83.3803484706805
4248,,,,,,,,,,,,,,11878.260848195929,2243.96503769724,66.35253585012336
4249,,,,,,,,,,,,,,13770.556664116195,3086.371070258806,71.37008698453609
4250,,,,,,,,,,,,,,13702.9267578125,2932.2802114775686,75.52480246803977
4251,,,,,,,,,,,,,,14228.768695175439,2927.017458196272,79.9087890625
4252,,,,,,,,,,,,,,10231.005421874608,1967.5352679080902,49.87523550542605
4253,,,,,,,,,,,,,,15269.873645019532,3150.073625946045,66.91750946044922
4254,,,,,,,,,,,,,,14338.341294722124,2981.177977822044,66.57177179509944
4255,,,,,,,,,,,,,,12954.307373046875,3021.9346258818214,74.48393773320896
4256,,,,,,,,,,,,,,13280.79481151006,3186.652678189212,72.76414176209332
4257,,,,,,,,,,,,,,12758.564873637679,3040.893855301935,74.47092033196175
4258,,,,,,,,,,,,,,11623.538603811554,2944.8388986298532,76.68154074928977
4259,,,,,,,,,,,,,,12442.50021950258,3186.164017703555,75.16249686424885
4260,,,,,,,,,,,,,,11669.237309229651,3052.858685728561,73.04758811773256
4261,,,,,,,,,,,,,,11192.301811793342,3070.0856602347676,80.99267578125
4262,,,,,,,,,,,,,,13475.869101131664,3151.8407135009766,80.58686020795037
4263,,,,,,,,,,,,,,11782.980047052557,3216.684606378729,81.18732244318181
4264,,,,,,,,,,,,,,14032.788123069155,3326.332015469047,80.77085499346482
4265,,,,,,,,,,,,,,13851.538176858836,3443.1082797346444,76.02969423491379
4266,,,,,,,,,,,,,,17570.864516618818,3116.0878216099823,70.35299283624117
4267,,,,,,,,,,,,,,17547.179910339764,3303.059128729289,70.84413505400587
4268,,,,,,,,,,,,,,15903.319993489584,2998.592919921875,69.1407958984375
4269,,,,,,,,,,,,,,15033.962301278056,2321.990090539033,59.58072957255299
4270,,,,,,,,,,,,,,17413.312483401205,2190.180034691484,52.72300067501771
4271,,,,,,,,,,,,,,16220.080585501048,2733.314942088207,50.647173151623605
4272,,,,,,,,,,,,,,16980.07838921585,2953.227429620151,62.00797828249337
4273,,,,,,,,,,,,,,17758.306554907915,3062.087341882592,61.45967776498824
4274,,,,,,,,,,,,,,17879.59739876407,3149.0764733219453,62.96612960962621
4275,,,,,,,,,,,,,,17596.263634672618,3449.9043007502482,72.05346447172619
4276,,,,,,,,,,,,,,17723.00831374447,2671.938259068492,55.167018113938056
4277,,,,,,,,,,,,,,17656.625133167614,3027.1656429406366,63.86583362926137
4278,,,,,,,,,,,,,,18198.786855201197,2833.030265912618,57.16403240047089
4279,,,,,,,,,,,,,,16853.46044755226,3003.6823263851857,71.64292308820393
4280,,,,,,,,,,,,,,17323.240156472577,3190.7304235387733,70.70943926949786
4281,,,,,,,,,,,,,,16573.497048305457,2485.8546723701584,55.58115234375
4282,,,,,,,,,,,,,,16181.174044799805,2662.71022644043,61.41914520263672
4283,,,,,,,,,,,,,,14655.647110453412,2663.8468451938747,65.89220367618866
4284,,,,,,,,,,,,,,12278.736705176158,2040.9012601992338,80.22204919763513
4285,,,,,,,,,,,,,,7639.350068706769,1250.283437615798,81.91973659832016
4286,,,,,,,,,,,,,,11228.675674380896,1728.0533134028597,78.6552937057783
4287,,,,,,,,,,,,,,16395.268234779094,2699.709897797683,70.46816237877155
4288,,,,,,,,,,,,,,16927.12433377369,2595.0938354136297,63.81883911488703
4289,,,,,,,,,,,,,,17027.45325903799,2698.371230979371,67.24468635110294
4290,,,,,,,,,,,,,,17126.992473234954,3058.777697301794,75.30824110243056
4291,,,,,,,,,,,,,,15978.042882763364,2669.8091388438484,65.44901146079009
4292,,,,,,,,,,,,,,16818.86265085704,2958.834305948286,77.26476868586754
4293,,,,,,,,,,,,,,14903.976297260802,2694.9127833236885,51.01942997685185
4294,,,,,,,,,,,,,,10322.738924466646,1857.5806900415664,68.9478759765625
4295,,,,,,,,,,,,,,12367.555144833846,2356.986365949604,70.15185203014964
4296,,,,,,,,,,,,,,16108.488373523622,2905.856825300402,46.576986958661415
4297,,,,,,,,,,,,,,15680.72566864312,2425.3246243256312,58.57965505394951
4298,,,,,,,,,,,,,,8375.424694731035,1425.8332631351384,77.48152358659351
4299,,,,,,,,,,,,,,6560.945505666209,1256.7639812986492,69.99425330528847
4300,,,,,,,,,,,,,,6830.055346147294,820.9360110083844,64.29126661068925
4301,,,,,,,,,,,,,,7108.756755985015,1158.9080801623606,66.5906918174342
4302,,,,,,,,,,,,,,8482.916797197298,1361.0823261525372,72.8732257503094
4303,,,,,,,,,,,,,,13852.504403744104,2215.122633064318,51.647778780955186
4304,,,,,,,,,,,,,,13678.789794921875,2229.741885800905,63.103623788568036
4305,,,,,,,,,,,,,,9364.547090469307,1835.4118183176713,68.26830272742438
4306,,,,,,,,,,,,,,8748.205699725362,1803.3921115081057,72.86579264878414
4307,,,,,,,,,,,,,,8664.94921875,1800.1184466818104,75.08910602072011
4308,,,,,,,,,,,,,,11064.434465196398,2126.9187274509004,73.55275472005208
4309,,,,,,,,,,,,,,10562.521278007076,2306.737738612913,74.16655365566038
4310,,,,,,,,,,,,,,12963.199603141622,2408.54986875277,71.7283909574468
4311,,,,,,,,,,,,,,11602.193984087775,2210.3439815745633,74.95310345818015
4312,,,,,,,,,,,,,,13403.93638341567,2771.028072581572,74.8396157657399
4313,,,,,,,,,,,,,,17010.889374085495,2845.8178114875104,62.59888756793478
4314,,,,,,,,,,,,,,17033.21461567126,2926.9231117650083,62.921968158922695
4315,,,,,,,,,,,,,,15580.06595703125,3048.2243383789064,66.7263623046875
4316,,,,,,,,,,,,,,13821.60405072774,2598.770750280929,69.0906547650899
4317,,,,,,,,,,,,,,16321.006062825521,3059.162222120497,70.51726786295573
4318,,,,,,,,,,,,,,15196.767043907883,2767.5237352324693,72.92560771450349
4319,,,,,,,,,,,,,,16269.796729698313,3026.4392309485834,73.66437675713668
4320,,,,,,,,,,,,,,16876.140032306408,3174.6721751854852,62.39830391362028
4321,,,,,,,,,,,,,,17731.969883765243,3058.66186702077,51.68785846989329
4322,,,,,,,,,,,,,,14235.917963944083,2417.6051357799943,48.796225239911415
4323,,,,,,,,,,,,,,17237.970889423075,3099.8519546274038,57.43836237980769
4324,,,,,,,,,,,,,,15699.4765546875,2807.463294921875,47.7690234375
4325,,,,,,,,,,,,,,16333.688537917213,2800.16354993251,50.14045499631872
4326,,,,,,,,,,,,,,13840.338054075079,2632.3638877222093,49.82426581948491
4327,,,,,,,,,,,,,,17114.971580573692,3020.355067922108,60.13680328824627
4328,,,,,,,,,,,,,,7513.1038281872015,1758.4918772703522,62.65598564390923
4329,,,,,,,,,,,,,,11384.655107123363,2010.7676730093476,73.8050521117631
4330,,,,,,,,,,,,,,13720.112594604492,2785.9547172546386,72.877587890625
4331,,,,,,,,,,,,,,12087.13520674272,2162.519510789351,61.692223288796164
4332,,,,,,,,,,,,,,12299.210555366848,2281.5627474067205,65.23513600020902
4333,,,,,,,,,,,,,,12694.322423598345,2369.440947409237,63.14986644071691
4334,,,,,,,,,,,,,,12128.770504600123,2499.6273683246814,70.867381848787
4335,,,,,,,,,,,,,,13037.676255400924,2474.687401087721,67.59920901577573
4336,,,,,,,,,,,,,,12288.812879289899,2133.9103052956716,52.845323835100444
4337,,,,,,,,,,,,,,16569.35322726993,3076.9795152559054,82.94274613988681
4338,,,,,,,,,,,,,,14909.359956377675,2943.257428714737,87.82984823382782
4339,,,,,,,,,,,,,,12818.490277144161,2759.970570362397,78.26855290545164
4340,,,,,,,,,,,,,,8880.041119147527,2212.5548811733934,77.73887995527826
4341,,,,,,,,,,,,,,8661.684268487097,2391.44331683976,45.233840104788186
4342,,,,,,,,,,,,,,12561.745189258534,3216.922418235413,77.64597267066421
4343,,,,,,,,,,,,,,9218.528845584753,1436.734431719539,40.01045365767045
4344,,,,,,,,,,,,,,11074.11698500209,2249.7104467691784,67.48419536475753
4345,,,,,,,,,,,,,,14651.010118849734,2553.96171518807,67.67382664086246
4346,,,,,,,,,,,,,,16037.899084272542,2835.5854708311986,63.283151895491805
4347,,,,,,,,,,,,,,16955.484294953894,3038.889379482582,67.1868068007172
4348,,,,,,,,,,,,,,16851.707427884616,3152.3931873497595,64.64311298076923
4349,,,,,,,,,,,,,,17362.724185766765,3080.5433705310948,68.3616288545116
4350,,,,,,,,,,,,,,16177.469350961539,2939.0717369666468,66.10762094350962
4351,,,,,,,,,,,,,,16857.2241963624,2981.6581027667985,67.50969807621047
4352,,,,,,,,,,,,,,16283.72841934419,3199.820255189994,76.61110805457747
4353,,,,,,,,,,,,,,13979.252961189517,2576.850314048029,57.1307373046875
4354,,,,,,,,,,,,,,14957.267103407117,3079.137432522244,68.52676391601562
4355,,,,,,,,,,,,,,15458.118635234165,3134.284793000337,68.95095339875337
4356,,,,,,,,,,,,,,15742.198767089843,3103.5283752441405,66.32847290039062
4357,,,,,,,,,,,,,,15376.561320389852,3163.0715299801464,75.12169805847772
4358,,,,,,,,,,,,,,14925.24676401061,2889.404744616294,72.50807916282288
4359,,,,,,,,,,,,,,15780.977623197115,2893.7308751502405,67.28220703125
4360,,,,,,,,,,,,,,12438.322389280642,2266.02965991528,62.351754324776785
4361,,,,,,,,,,,,,,13573.268391927084,2932.6280839708115,77.0936279296875
4362,,,,,,,,,,,,,,13583.04337066858,2876.492718962585,75.3777851961097
4363,,,,,,,,,,,,,,13568.745513275786,2873.9862982476507,76.1640590854458
4364,,,,,,,,,,,,,,15187.139225564642,3026.5166646892035,77.08083792713201
4365,,,,,,,,,,,,,,13527.671667437935,2900.823460808199,70.99728127722125
4366,,,,,,,,,,,,,,15429.442517047895,3482.219917847938,77.98086642235825
4367,,,,,,,,,,,,,,15912.837515782829,3432.344646004314,74.11155007102273
4368,,,,,,,,,,,,,,16523.969743341924,3279.093494113778,76.22300861791237
4369,,,,,,,,,,,,,,6838.765244066079,514.7907671047531,28.849974654103054
4370,,,,,,,,,,,,,,6815.861981709798,1058.2762740453084,55.42009735107422
4371,,,,,,,,,,,,,,13301.207080078126,3125.5104835510256,57.956808471679686
4372,,,,,,,,,,,,,,13868.056356914181,3360.72287873901,60.40444918291284
4373,,,,,,,,,,,,,,14279.070490056818,3283.928818211411,61.465514026988636
4374,,,,,,,,,,,,,,13197.01179517663,3212.876325435915,58.97525050951087
4375,,,,,,,,,,,,,,13903.587103271484,2987.6007591247558,60.42353210449219
4376,,,,,,,,,,,,,,12941.910843460648,2595.770956446982,67.80420756543803
4377,,,,,,,,,,,,,,16004.570455083505,3228.7220119339704,61.29573298682851
4378,,,,,,,,,,,,,,15747.706712805706,3082.9523281310658,65.42680937014751
4379,,,,,,,,,,,,,,13080.242937990803,2709.558522524809,50.67952698069062
4380,,,,,,,,,,,,,,14893.101287769652,3112.3016383394283,60.96470176750886
4381,,,,,,,,,,,,,,15450.574541155802,2260.8715093147243,49.456426155053826
4382,,,,,,,,,,,,,,15995.320240289393,3055.830533739547,74.41392323668573
4383,,,,,,,,,,,,,,17428.509869710033,3147.274698000343,62.65886130975705
4384,,,,,,,,,,,,,,15849.306348259066,3020.9368700569057,64.0430275245949
4385,,,,,,,,,,,,,,15676.685335652212,3071.5697172357795,58.46290571234199
4386,,,,,,,,,,,,,,16029.370584988963,3078.0268878052566,50.50737919081126
4387,,,,,,,,,,,,,,19177.38583984375,2910.4944295247396,48.026583426339286
4388,,,,,,,,,,,,,,18519.772226969402,2937.2440388997397,48.57003402709961
4389,,,,,,,,,,,,,,17642.98631501678,3248.983871972001,63.2121369022651
4390,,,,,,,,,,,,,,15247.644507623489,2960.7030501827116,69.50202794228831
4391,,,,,,,,,,,,,,13700.913977741746,2905.542496130601,74.70322818396227
4392,,,,,,,,,,,,,,14504.942441998106,3185.626987649937,74.51985677083333
4393,,,,,,,,,,,,,,15100.603662276024,3310.794853548955,73.36618427367748
4394,,,,,,,,,,,,,,15472.451990927419,3169.8620424332157,68.03059475806451
4395,,,,,,,,,,,,,,14158.329092050528,2950.1118663441052,71.52198058289368
4396,,,,,,,,,,,,,,15801.336753402218,3235.5402493384577,67.69283486643145
4397,,,,,,,,,,,,,,17198.515859941122,3134.628657155797,58.96884765625
4398,,,,,,,,,,,,,,14632.947113479393,3070.7796905075293,77.48574431046195
4399,,,,,,,,,,,,,,14542.275780507367,3110.716295597671,80.13372593868822
4400,,,,,,,,,,,,,,16641.958434147622,3177.398355512477,76.16644742595615
4401,,,,,,,,,,,,,,15871.730039927352,3147.6392313263955,76.76336917666052
4402,,,,,,,,,,,,,,16134.37017104205,3216.0405075970816,76.0190627154182
4403,,,,,,,,,,,,,,18792.697752523018,2773.1848455758677,52.96039665589589
4404,,,,,,,,,,,,,,18744.89946817282,3158.4781819446735,58.71094909506926
4405,,,,,,,,,,,,,,17544.3513671875,2689.5178653865664,52.544436130275976
4406,,,,,,,,,,,,,,18907.7572265625,3136.5589791962593,59.14375
4407,,,,,,,,,,,,,,17078.319504957934,3258.6390224358975,65.79246168870192
4408,,,,,,,,,,,,,,17780.226357886906,3201.8040767609127,64.19647972470239
4409,,,,,,,,,,,,,,15957.609235963982,3204.379023768538,72.34559388241526
4410,,,,,,,,,,,,,,15155.364064988058,3278.394894350866,71.21217530851911
4411,,,,,,,,,,,,,,15584.803581591474,3223.347011136693,70.58470871274834
4412,,,,,,,,,,,,,,12548.421475909443,3021.2239404448046,82.25906494896478
4413,,,,,,,,,,,,,,15227.454803324854,2851.1220186455307,64.16402616279069
4414,,,,,,,,,,,,,,13149.951952449179,2856.0530925605535,70.42208957342127
4415,,,,,,,,,,,,,,15984.78440714771,2783.85756290033,64.76944481512034
4416,,,,,,,,,,,,,,16221.459349415934,2876.993436283197,62.15875380640974
4417,,,,,,,,,,,,,,16085.017324594352,2989.3556283804087,65.66884671724759
4418,,,,,,,,,,,,,,14579.649608013937,2858.1640089081557,71.96530310866724
4419,,,,,,,,,,,,,,12024.72727365527,2140.2494538735846,69.51459399499129
4420,,,,,,,,,,,,,,9833.114821348567,1903.3301485670083,71.70151314684139
4421,,,,,,,,,,,,,,11652.743886451199,2115.99665435373,69.65319991438356
4422,,,,,,,,,,,,,,14922.184169756356,2700.021022576801,73.92639863612288
4423,,,,,,,,,,,,,,14554.357980896642,2942.4819681012586,73.58626532133393
4424,,,,,,,,,,,,,,12459.257685213008,2207.955913054637,53.734071389222755
4425,,,,,,,,,,,,,,11618.853297410813,1947.5857759998962,34.50706333396709
4426,,,,,,,,,,,,,,15845.209487552966,3027.6777674788136,69.61750860699152
4427,,,,,,,,,,,,,,12562.873049713844,2604.3663940429688,55.060627782067584
4428,,,,,,,,,,,,,,11367.116835012945,2277.408811309634,58.66365511741864
4429,,,,,,,,,,,,,,9400.909203178695,2291.198639020887,66.28218125805412
4430,,,,,,,,,,,,,,17532.144991953905,3104.365973285662,63.0363582978613
4431,,,,,,,,,,,,,,17104.270075871395,2823.7658163217397,54.52261822040264
4432,,,,,,,,,,,,,,16235.523831654744,2837.11576677805,56.43975462396461
4433,,,,,,,,,,,,,,17122.652186506886,3062.1029611361228,60.25066621424788
4434,,,,,,,,,,,,,,17206.227123956913,2835.8470468962873,57.34735955594346
4435,,,,,,,,,,,,,,18199.48795068233,2851.38263901506,52.31847292877907
4436,,,,,,,,,,,,,,17587.467300103635,2834.3213625538106,51.99705785634566
4437,,,,,,,,,,,,,,17372.748248748387,2752.4337735434833,51.88266109496124
4438,,,,,,,,,,,,,,16724.73929417387,2847.898989413647,53.91060167677859
4439,,,,,,,,,,,,,,15397.851097212604,2821.433526797308,56.07131746667244
4440,,,,,,,,,,,,,,15711.078175974417,2686.4862509926597,57.18706537603022
4441,,,,,,,,,,,,,,15651.97818467882,2684.165271674262,57.95112711588542
4442,,,,,,,,,,,,,,16666.073863886442,2855.3074163732394,55.66499504841549
4443,,,,,,,,,,,,,,16745.872224654275,2944.6840462520204,56.144733297413794
4444,,,,,,,,,,,,,,10771.111928226384,1959.7961146230916,79.08465529580153
4445,,,,,,,,,,,,,,10104.3846796875,1919.16862109375,79.498447265625
4446,,,,,,,,,,,,,,10710.107441023285,2198.4775945925244,78.82594784007352
4447,,,,,,,,,,,,,,10255.322624437737,2135.6162248091264,76.87787974964489
4448,,,,,,,,,,,,,,12222.395112008759,2162.2101556026573,78.17234108664773
4449,,,,,,,,,,,,,,13340.277905510467,1999.7242864219888,48.191094555901095
4450,,,,,,,,,,,,,,12606.51494891827,2192.149720234193,49.72234211101399
4451,,,,,,,,,,,,,,13309.087834885131,2242.50242858608,44.33133896083048
4452,,,,,,,,,,,,,,15856.388245386166,2207.7623263754267,49.51636045091501
4453,,,,,,,,,,,,,,11902.939923410626,1848.2626518230766,49.262677316876534
4454,,,,,,,,,,,,,,9466.56632008272,1416.3551710540173,49.78495878331802
4455,,,,,,,,,,,,,,8172.162911170168,979.2424726642546,54.12453573258197
4456,,,,,,,,,,,,,,7818.930667030775,1026.9729966740479,57.91283808653115
4457,,,,,,,,,,,,,,7952.373341228945,1419.4237773345153,47.104783078457444
4458,,,,,,,,,,,,,,10428.364757719493,1563.1592937651135,46.01654488699777
4459,,,,,,,,,,,,,,11321.657060895648,1790.7418114798409,72.68180629185268
4460,,,,,,,,,,,,,,9924.17533328555,1718.899396143922,73.52898777952981
4461,,,,,,,,,,,,,,9827.132926872184,1649.730686497044,74.12113334037163
4462,,,,,,,,,,,,,,10133.608721199682,1768.6963428561971,69.73352671477754
4463,,,,,,,,,,,,,,10991.159399634009,2040.8459967535896,73.60465054898648
4464,,,,,,,,,,,,,,10194.301603190104,1858.560796101888,70.99659423828125
4465,,,,,,,,,,,,,,9247.755233373397,1691.9070126786191,71.60154997996794
4466,,,,,,,,,,,,,,8907.202742211613,1759.064618145978,73.78128616898148
4467,,,,,,,,,,,,,,10001.434411474022,2133.850758012519,71.43214361351657
4468,,,,,,,,,,,,,,15135.4580390625,2486.537703125,66.745640625
4469,,,,,,,,,,,,,,14778.507262541118,2705.384705232319,71.70440224095395
4470,,,,,,,,,,,,,,14373.182157890982,2518.9398477632703,68.80379120291096
4471,,,,,,,,,,,,,,11405.752957857572,2755.1105687068057,74.56245539738582
4472,,,,,,,,,,,,,,11494.28743066829,2247.2731553114854,73.2186231737013
4473,,,,,,,,,,,,,,11281.949640823623,2623.438078282243,74.35332734706039
4474,,,,,,,,,,,,,,13209.518703460693,2716.516408920288,71.90780067443848
4475,,,,,,,,,,,,,,11837.120874741498,2123.1058259851793,67.4468994140625
4476,,,,,,,,,,,,,,11061.881013965974,2409.7028761462357,72.53907381153475
4477,,,,,,,,,,,,,,11910.037518475507,2549.996559761666,70.04899638407939
4478,,,,,,,,,,,,,,8482.418885710094,1899.1606722191466,49.13320106183979
4479,,,,,,,,,,,,,,9598.265435557549,1770.4138890667691,57.338462954661885
4480,,,,,,,,,,,,,,11745.943635574495,2321.4673344775883,70.59267479482324
4481,,,,,,,,,,,,,,4154.200430196608,972.6294604839306,45.89979242261552
4482,,,,,,,,,,,,,,6540.599907849592,1335.473486110789,57.06464003384644
4483,,,,,,,,,,,,,,10043.33156922043,1932.5439960657482,74.53063571068549
4484,,,,,,,,,,,,,,12372.797492482818,2091.153506564111,73.07864348421391
4485,,,,,,,,,,,,,,10417.318483267258,2022.6998915031775,73.13471278859608
4486,,,,,,,,,,,,,,9944.685194029425,1832.3764421226335,73.17077904026003
4487,,,,,,,,,,,,,,10767.44768970991,1960.6492856698208,69.10613405751992
4488,,,,,,,,,,,,,,9430.43440648129,1575.449870862459,66.44322606136924
4489,,,,,,,,,,,,,,8389.550911458333,1437.7946680462549,64.29792131696429
4490,,,,,,,,,,,,,,6953.592115542763,977.9579829701206,65.85565892269737
4491,,,,,,,,,,,,,,14769.77563559322,2239.925375728284,67.32679588188559
4492,,,,,,,,,,,,,,11876.21184129902,1932.013666609222,76.04179113051471
4493,,,,,,,,,,,,,,11135.924364861641,1805.4701999343988,72.17977322876908
4494,,,,,,,,,,,,,,11201.246942429316,1764.6321512858074,80.88431803385417
4495,,,,,,,,,,,,,,9958.403822103508,1635.6748794736598,75.13958281867589
4496,,,,,,,,,,,,,,14331.532456493882,3018.3457470444773,53.954954117063494
4497,,,,,,,,,,,,,,14856.583839990759,3085.9471383043515,54.51107295866935
4498,,,,,,,,,,,,,,10119.500266662822,2374.1318422437153,77.92273084351937
4499,,,,,,,,,,,,,,9001.751371837798,2479.3619501023068,83.40414574032738
4500,,,,,,,,,,,,,,12528.940752675097,2842.1872710587913,81.28383770063229
4501,,,,,,,,,,,,,,9157.59934675361,2123.999261742094,85.88859211591135
4502,,,,,,,,,,,,,,15626.78744871104,3041.544557283032,53.32611359209218
4503,,,,,,,,,,,,,,15432.020401716822,2999.435560739776,49.04590205439815
4504,,,,,,,,,,,,,,16908.18237835428,3036.0800993546195,50.29845527980638
4505,,,,,,,,,,,,,,15734.67150654237,2932.7614176931556,55.1181475867523
4506,,,,,,,,,,,,,,14076.63484363443,2753.3398401384525,58.474443243805474
4507,,,,,,,,,,,,,,14903.86390351086,2692.0076517244665,61.346267328029725
